152871,0,0.108106
152873,0,0.135439
152875,0,0.088515
152878,0,0.031688
152882,0,0.009176
152884,0,0.103989
152885,0,0.008550
152886,0,0.031362
152887,0,0.014543
152890,0,0.067392
152893,0,0.147054
152897,0,0.245043
152898,0,0.014903
152901,0,0.099984
152903,0,0.023983
152907,0,0.005844
152910,0,0.172044
152912,0,0.041080
152913,0,0.006198
152914,0,0.243716
152916,0,0.122714
152918,0,0.089070
152922,0,0.125630
152925,0,0.007023
152927,0,0.021702
152931,0,0.118909
152932,0,0.307088
152934,0,0.237085
152935,0,0.009725
152937,0,0.160124
152938,1,0.609688
152941,0,0.058399
152947,0,0.045552
152949,0,0.020320
152955,0,0.012956
152956,1,0.490783
152957,0,0.001900
152961,0,0.146403
152963,0,0.052390
152968,0,0.122223
152971,0,0.076266
152972,0,0.146257
152973,1,0.346908
152982,1,0.495101
152984,0,0.065551
152989,0,0.003252
152999,0,0.184979
153000,1,0.408141
153002,0,0.035779
153004,0,0.002836
153007,0,0.005196
153008,0,0.116634
153011,0,0.266085
153012,0,0.181855
153013,0,0.298981
153015,0,0.183440
153019,0,0.045750
153020,0,0.010503
153027,0,0.209654
153028,0,0.019122
153029,0,0.217200
153030,1,0.455358
153031,0,0.201362
153033,0,0.081377
153034,1,0.371917
153035,0,0.010014
153036,0,0.026304
153040,0,0.154230
153044,0,0.129665
153051,0,0.168847
153052,1,0.535849
153056,0,0.009401
153058,0,0.033609
153060,1,0.381858
153061,1,0.384024
153062,0,0.007370
153063,0,0.068194
153064,0,0.023473
153066,0,0.181112
153069,0,0.016581
153070,1,0.471303
153072,0,0.121520
153081,0,0.017112
153082,0,0.056599
153085,0,0.217021
153086,0,0.035186
153089,0,0.015744
153090,0,0.139597
153091,0,0.143807
153093,0,0.128535
153096,0,0.002746
153097,0,0.109512
153098,0,0.016904
153100,0,0.087111
153103,0,0.006664
153105,0,0.107810
153107,1,0.503899
153109,0,0.141547
153112,1,0.628283
153119,0,0.154462
153121,0,0.032404
153125,0,0.064104
153126,0,0.022015
153127,0,0.001000
153128,0,0.055025
153134,0,0.003381
153139,1,0.332074
153140,0,0.136004
153142,0,0.118349
153144,0,0.010745
153151,0,0.061428
153153,0,0.170872
153154,0,0.130664
153158,0,0.010722
153159,1,0.474167
153161,0,0.124149
153162,0,0.078430
153165,0,0.010734
153169,0,0.016735
153170,0,0.147130
153172,0,0.014533
153175,0,0.006832
153179,0,0.022232
153182,0,0.008050
153183,0,0.061396
153187,0,0.130908
153189,0,0.082789
153192,0,0.050564
153197,0,0.289790
153198,1,0.461108
153200,0,0.018107
153203,0,0.231092
153207,0,0.004825
153215,0,0.042845
153217,0,0.040826
153221,0,0.095346
153222,1,0.387882
153223,1,0.319229
153224,0,0.001000
153225,0,0.097336
153226,0,0.008274
153229,1,0.380863
153230,0,0.009504
153231,0,0.115749
153232,1,0.505949
153235,0,0.086780
153236,0,0.046529
153237,0,0.001441
153239,1,0.553054
153242,0,0.002940
153243,0,0.009572
153245,0,0.001000
153249,0,0.002383
153250,0,0.001485
153251,0,0.012853
153252,0,0.091487
153255,0,0.004622
153257,1,0.807960
153260,1,0.379613
153261,0,0.032193
153264,0,0.252949
153265,0,0.006212
153266,0,0.118978
153268,0,0.235319
153270,0,0.254061
153271,0,0.110706
153274,0,0.001710
153276,0,0.192201
153283,0,0.067541
153285,0,0.169346
153287,1,0.869019
153289,0,0.050600
153290,1,0.566198
153293,0,0.001096
153294,0,0.027077
153295,0,0.003072
153296,0,0.017528
153297,0,0.265225
153305,0,0.022130
153307,0,0.006271
153309,0,0.085725
153312,1,0.715497
153315,0,0.050572
153316,1,0.877567
153318,0,0.251099
153322,0,0.141392
153323,0,0.039642
153324,0,0.025574
153326,0,0.001000
153333,0,0.185925
153335,0,0.058011
153336,0,0.058946
153339,1,0.396347
153342,0,0.025909
153343,0,0.042691
153348,1,0.510485
153349,0,0.091940
153355,0,0.040174
153357,0,0.033208
153359,0,0.018468
153361,0,0.012512
153362,0,0.015938
153364,0,0.026021
153368,0,0.037437
153371,0,0.215440
153374,1,0.505269
153376,1,0.515573
153377,0,0.011455
153378,0,0.049558
153379,0,0.177317
153381,0,0.002787
153384,0,0.010293
153385,0,0.002365
153386,1,0.930630
153388,0,0.046572
153396,0,0.053266
153399,0,0.028223
153406,0,0.011069
153414,0,0.098166
153418,0,0.015359
153419,0,0.001996
153420,0,0.024568
153428,0,0.004684
153430,0,0.073457
153433,0,0.025084
153434,0,0.033117
153435,0,0.077602
153438,0,0.030983
153442,0,0.003760
153443,0,0.059003
153444,0,0.242172
153445,0,0.006216
153446,0,0.023566
153447,1,0.614402
153449,0,0.002200
153458,1,0.467058
153459,0,0.035952
153460,0,0.099649
153463,0,0.002283
153465,0,0.016061
153469,0,0.082523
153471,0,0.041752
153477,1,0.614605
153478,0,0.032492
153481,0,0.272151
153485,0,0.005377
153486,0,0.174811
153489,0,0.159741
153490,0,0.006382
153491,0,0.193340
153493,0,0.022305
153494,0,0.021984
153495,1,0.356407
153496,1,0.437626
153497,0,0.044962
153498,0,0.006502
153501,0,0.009742
153502,0,0.057236
153504,0,0.153306
153507,0,0.123101
153508,0,0.011755
153509,0,0.006859
153513,0,0.006251
153514,0,0.086743
153515,0,0.036811
153516,0,0.022971
153522,0,0.042735
153523,1,0.374988
153524,0,0.003998
153526,0,0.044622
153529,0,0.311429
153530,0,0.127691
153537,1,0.431783
153538,0,0.173699
153542,0,0.062051
153543,0,0.050106
153545,0,0.018072
153548,0,0.241946
153549,1,0.360344
153551,0,0.001434
153553,0,0.002561
153554,0,0.001791
153555,1,0.405221
153556,0,0.017695
153558,0,0.040523
153561,0,0.029774
153562,0,0.044338
153563,0,0.194008
153565,0,0.028587
153567,0,0.003802
153569,1,0.839947
153571,0,0.165292
153572,0,0.096536
153573,0,0.092194
153574,0,0.248830
153575,0,0.013297
153576,0,0.301112
153580,0,0.001000
153581,0,0.019062
153584,0,0.123777
153585,0,0.025753
153586,0,0.281080
153587,1,0.536895
153591,0,0.030966
153594,0,0.035954
153599,0,0.161978
153600,0,0.015351
153603,0,0.001000
153605,0,0.030136
153606,0,0.052246
153607,0,0.031098
153608,0,0.251261
153614,0,0.096396
153615,0,0.068026
153616,0,0.067338
153619,0,0.114827
153625,0,0.091745
153626,1,0.368321
153628,0,0.072533
153631,0,0.072178
153636,0,0.034287
153641,0,0.010801
153643,0,0.163483
153645,0,0.052498
153646,0,0.007078
153651,1,0.717031
153652,0,0.192474
153661,0,0.045328
153666,0,0.009011
153667,0,0.190392
153668,0,0.192327
153671,0,0.031554
153672,0,0.001190
153678,0,0.116614
153679,0,0.038104
153680,0,0.182881
153681,1,0.529330
153682,1,0.432991
153683,0,0.182782
153684,0,0.021209
153685,0,0.146753
153689,0,0.032361
153690,0,0.003683
153693,1,0.430218
153694,0,0.189633
153697,0,0.088138
153698,0,0.065958
153699,0,0.001000
153701,0,0.045761
153703,0,0.004968
153705,0,0.054982
153707,0,0.031145
153709,0,0.083555
153710,0,0.146539
153712,0,0.005144
153724,0,0.002347
153728,0,0.004074
153740,0,0.105156
153741,0,0.227155
153742,0,0.039338
153743,1,0.342536
153744,0,0.244982
153749,0,0.002163
153751,0,0.225494
153752,0,0.176450
153755,1,0.328889
153756,0,0.174355
153757,0,0.017932
153759,0,0.195784
153765,0,0.294662
153768,0,0.029497
153771,0,0.008185
153772,0,0.007895
153773,0,0.116370
153774,0,0.032636
153775,0,0.001661
153778,0,0.024124
153780,0,0.026758
153785,0,0.036101
153786,0,0.002415
153788,1,0.466652
153794,0,0.052883
153799,0,0.042227
153802,0,0.143528
153803,0,0.018115
153806,0,0.040320
153809,0,0.001000
153810,1,0.353023
153814,0,0.039991
153816,0,0.040647
153823,0,0.079770
153826,1,0.546183
153827,1,0.635742
153835,0,0.157092
153838,0,0.008184
153844,0,0.032830
153845,0,0.038131
153850,1,0.670307
153852,0,0.010322
153853,0,0.025228
153858,0,0.030045
153859,0,0.078963
153861,0,0.110414
153863,0,0.058440
153864,0,0.012666
153866,0,0.002544
153869,0,0.100649
153873,0,0.278586
153874,0,0.034955
153875,0,0.182038
153876,1,0.748317
153879,0,0.097578
153881,0,0.140312
153886,0,0.022582
153887,1,0.465114
153889,0,0.101233
153890,0,0.096678
153893,0,0.015021
153895,0,0.247512
153899,0,0.059541
153905,1,0.842494
153907,0,0.218184
153909,0,0.031634
153911,0,0.040457
153913,0,0.034983
153915,0,0.224398
153916,1,0.443104
153917,0,0.229250
153918,0,0.200267
153921,0,0.063548
153922,1,0.414480
153923,0,0.268767
153927,0,0.020194
153929,0,0.267160
153932,0,0.100277
153933,0,0.083239
153935,0,0.005455
153936,0,0.011480
153938,0,0.001000
153939,0,0.007049
153942,0,0.009374
153943,1,0.450307
153945,0,0.150598
153946,0,0.073231
153948,1,0.363637
153950,0,0.070729
153954,0,0.061363
153955,1,0.407597
153956,0,0.004475
153962,0,0.017809
153964,0,0.029956
153967,0,0.094583
153972,0,0.111147
153974,0,0.001521
153986,0,0.001011
153988,0,0.027022
153990,1,0.526438
153992,0,0.006780
153996,0,0.049628
154001,0,0.057981
154002,1,0.316817
154004,0,0.069993
154006,0,0.052129
154007,0,0.004108
154011,0,0.005268
154013,1,0.412591
154022,0,0.068779
154024,0,0.077953
154027,0,0.043900
154033,1,0.624465
154035,0,0.008328
154038,0,0.223528
154040,1,0.603996
154046,0,0.010148
154047,0,0.150611
154048,1,0.317255
154049,0,0.047777
154050,1,0.703134
154051,0,0.014651
154054,0,0.081437
154056,0,0.001823
154057,0,0.135880
154058,0,0.010313
154061,0,0.125291
154062,0,0.033055
154066,0,0.061425
154070,0,0.269010
154074,0,0.242840
154077,0,0.001779
154082,0,0.277474
154088,0,0.049576
154089,0,0.001412
154090,0,0.133600
154091,0,0.005577
154092,0,0.014934
154093,0,0.076067
154094,1,0.772577
154095,0,0.137458
154096,0,0.013163
154097,0,0.242867
154099,1,0.901886
154102,0,0.022549
154104,0,0.017982
154107,1,0.536719
154109,0,0.018319
154110,0,0.091995
154112,0,0.005839
154116,0,0.138405
154117,1,0.803295
154119,0,0.207965
154122,0,0.005116
154126,0,0.163003
154129,0,0.005289
154130,1,0.887238
154133,0,0.030963
154139,0,0.060796
154140,0,0.045437
154142,0,0.012481
154143,0,0.102833
154148,0,0.239058
154149,0,0.059399
154150,0,0.111702
154152,0,0.162810
154156,0,0.033689
154157,0,0.308884
154161,0,0.033260
154165,0,0.071333
154167,0,0.033531
154168,0,0.053690
154169,0,0.085374
154171,0,0.237408
154172,0,0.003627
154173,0,0.270983
154177,1,0.363783
154181,0,0.068693
154182,0,0.080102
154186,0,0.079135
154188,0,0.207175
154190,0,0.304476
154191,1,0.777818
154193,0,0.114412
154194,1,0.480076
154195,0,0.086094
154198,0,0.006537
154201,0,0.194131
154205,0,0.111413
154208,0,0.114230
154209,0,0.020723
154211,0,0.013197
154213,0,0.010521
154217,0,0.013723
154218,1,0.317767
154222,0,0.004322
154223,1,0.339029
154233,0,0.031192
154236,0,0.015023
154237,0,0.195600
154238,1,0.830302
154239,0,0.130592
154241,0,0.133414
154242,0,0.057724
154245,0,0.006158
154246,0,0.043143
154251,0,0.134717
154252,0,0.008803
154255,0,0.059624
154258,0,0.019749
154267,0,0.002400
154268,1,0.377948
154269,0,0.139488
154271,1,0.358526
154273,0,0.054129
154274,0,0.007790
154277,0,0.005608
154284,0,0.150894
154285,0,0.114452
154286,0,0.019847
154287,0,0.154696
154289,0,0.070324
154290,1,0.468857
154291,0,0.002693
154293,1,0.384504
154298,1,0.561325
154300,0,0.007753
154308,0,0.015929
154310,1,0.518250
154313,0,0.139274
154316,0,0.185868
154319,0,0.013869
154323,0,0.002594
154328,0,0.126149
154329,0,0.014169
154331,0,0.164900
154334,0,0.058412
154339,0,0.057502
154340,0,0.087268
154342,0,0.107299
154343,0,0.033169
154346,0,0.003946
154347,1,0.429904
154349,0,0.017508
154350,0,0.005957
154351,0,0.091235
154352,0,0.046602
154353,0,0.151664
154354,0,0.024381
154355,0,0.001362
154357,1,0.628725
154361,0,0.209603
154371,0,0.012060
154373,0,0.008211
154374,0,0.065820
154376,0,0.004369
154377,0,0.015060
154378,0,0.255005
154379,1,0.411564
154381,0,0.082901
154382,0,0.007830
154385,0,0.146488
154392,0,0.001000
154393,0,0.162326
154402,1,0.671591
154407,0,0.077144
154409,1,0.420735
154411,0,0.168471
154415,0,0.233728
154416,0,0.218636
154417,0,0.032129
154419,1,0.357781
154421,0,0.003136
154424,0,0.031806
154425,1,0.620414
154428,0,0.088183
154429,0,0.048163
154430,0,0.001975
154431,1,0.551685
154433,0,0.002329
154434,0,0.005128
154436,0,0.192229
154439,0,0.025196
154440,0,0.001863
154445,0,0.027866
154448,0,0.179864
154449,0,0.001000
154450,0,0.020711
154454,0,0.185057
154456,0,0.258011
154457,0,0.214228
154458,0,0.006176
154459,0,0.040293
154461,0,0.248600
154462,0,0.182873
154463,0,0.049881
154464,0,0.007811
154467,0,0.016581
154469,0,0.093632
154471,0,0.004797
154472,0,0.021524
154473,0,0.065146
154475,0,0.017475
154479,0,0.004217
154480,0,0.289853
154481,0,0.028870
154483,1,0.526479
154487,0,0.004624
154488,0,0.177765
154491,1,0.648101
154493,0,0.002339
154494,0,0.008125
154495,1,0.755322
154496,0,0.006851
154497,0,0.078015
154502,0,0.001156
154503,0,0.101666
154504,1,0.436230
154505,0,0.024424
154506,0,0.003997
154510,0,0.069136
154513,0,0.014255
154514,0,0.095701
154521,1,0.978027
154522,0,0.002768
154523,0,0.122394
154526,0,0.200760
154528,0,0.255784
154532,0,0.018148
154533,1,0.349371
154536,0,0.024362
154539,0,0.032104
154544,0,0.009047
154545,1,0.440693
154547,0,0.204814
154552,0,0.019442
154554,1,0.749143
154555,0,0.002491
154558,1,0.374435
154559,0,0.023820
154565,0,0.035303
154566,0,0.001099
154568,0,0.078741
154570,0,0.003247
154572,0,0.045440
154573,1,0.406144
154575,0,0.032126
154577,0,0.126671
154580,1,0.661730
154582,0,0.271235
154583,0,0.001000
154584,0,0.006319
154585,0,0.071682
154588,1,0.409214
154592,0,0.192233
154596,0,0.040357
154598,0,0.006571
154599,0,0.002869
154605,1,0.576400
154607,0,0.109462
154609,0,0.160352
154610,0,0.073146
154611,0,0.009055
154612,0,0.012500
154613,0,0.065569
154614,1,0.683257
154616,1,0.549144
154617,0,0.017211
154619,0,0.024729
154623,1,0.328519
154624,1,0.731002
154635,0,0.013357
154636,0,0.050992
154638,0,0.057578
154640,1,0.686410
154642,0,0.173952
154643,0,0.009427
154644,0,0.061534
154647,0,0.144984
154650,0,0.120323
154653,1,0.624407
154660,0,0.126504
154665,0,0.002174
154666,0,0.005962
154667,1,0.410672
154668,0,0.080590
154677,0,0.006325
154681,0,0.272084
154682,0,0.010074
154684,0,0.085160
154688,0,0.129482
154691,0,0.006685
154692,0,0.014002
154693,0,0.012687
154695,0,0.198625
154696,0,0.040920
154697,0,0.205569
154702,0,0.086298
154707,0,0.031683
154709,0,0.013806
154710,0,0.006847
154711,0,0.260255
154714,0,0.011909
154717,0,0.009582
154718,1,0.322727
154720,0,0.021414
154721,0,0.079524
154722,0,0.003694
154723,0,0.030101
154725,0,0.003228
154726,0,0.171062
154727,0,0.018006
154732,0,0.041471
154734,0,0.158017
154735,1,0.427023
154737,0,0.014442
154738,0,0.005914
154740,0,0.248266
154741,0,0.085005
154744,0,0.241755
154747,0,0.003433
154750,0,0.002773
154753,0,0.146945
154754,0,0.036597
154756,0,0.051251
154758,0,0.013528
154765,1,0.647789
154770,0,0.143633
154771,1,0.982305
154776,0,0.006333
154777,0,0.022944
154778,0,0.026450
154780,0,0.062304
154783,0,0.007513
154784,0,0.044192
154790,0,0.162916
154792,0,0.004130
154794,0,0.016575
154800,0,0.009566
154802,0,0.016618
154805,0,0.058932
154808,0,0.008545
154810,1,0.429777
154819,0,0.087463
154821,1,0.405690
154824,0,0.176854
154825,0,0.019627
154828,0,0.001000
154832,0,0.050609
154833,0,0.121936
154834,0,0.003555
154835,0,0.091860
154844,0,0.009595
154852,0,0.030380
154853,0,0.021916
154855,0,0.107228
154857,0,0.004591
154860,0,0.048373
154861,0,0.032481
154863,0,0.001486
154864,0,0.013069
154868,0,0.057237
154869,0,0.001000
154872,0,0.012651
154873,1,0.362523
154874,0,0.077785
154878,1,0.542264
154879,0,0.041065
154882,0,0.073689
154884,1,0.331060
154887,0,0.002378
154890,1,0.343798
154893,0,0.018808
154895,0,0.008783
154896,0,0.022460
154897,0,0.007628
154901,0,0.013931
154902,0,0.060972
154903,1,0.407569
154904,0,0.004408
154906,1,0.337657
154909,0,0.046059
154910,0,0.142710
154911,0,0.023440
154914,0,0.213044
154915,1,0.567384
154916,1,0.493707
154919,0,0.016323
154927,1,0.491096
154928,0,0.027819
154932,0,0.260940
154934,0,0.080459
154936,0,0.248743
154944,1,0.404692
154949,0,0.267377
154954,0,0.027825
154956,0,0.262003
154957,0,0.004231
154958,0,0.047084
154963,0,0.004701
154965,0,0.008314
154966,0,0.073824
154967,1,0.808667
154968,0,0.002418
154971,0,0.008466
154976,1,0.609164
154978,0,0.139116
154979,0,0.045221
154983,0,0.220908
154984,1,0.872404
154985,0,0.020739
154988,0,0.022047
154990,0,0.008826
154992,1,0.687008
154996,0,0.011542
155003,0,0.010603
155011,0,0.152130
155016,0,0.022070
155017,0,0.012802
155021,0,0.018371
155025,0,0.108417
155026,0,0.031348
155027,0,0.159146
155029,0,0.237399
155035,0,0.014135
155037,0,0.037800
155040,0,0.091978
155043,0,0.001000
155044,0,0.016383
155045,0,0.003436
155046,0,0.190540
155047,0,0.077378
155049,1,0.467049
155050,0,0.003013
155051,0,0.016339
155053,0,0.016293
155054,0,0.072361
155058,0,0.144810
155060,0,0.111638
155061,0,0.002760
155062,0,0.217697
155066,0,0.004151
155069,0,0.049262
155070,0,0.110370
155073,1,0.518136
155074,0,0.149465
155077,1,0.321536
155082,1,0.492948
155083,0,0.072157
155084,0,0.295615
155091,0,0.039456
155094,0,0.137505
155098,0,0.012027
155100,1,0.521076
155103,0,0.110972
155104,1,0.321118
155105,0,0.020642
155106,0,0.084489
155109,0,0.006275
155113,0,0.065713
155117,1,0.347445
155119,1,0.348927
155120,0,0.032947
155123,0,0.027430
155127,0,0.184396
155128,1,0.386605
155132,0,0.077583
155135,0,0.235905
155136,0,0.075900
155138,0,0.017471
155139,0,0.138207
155147,0,0.034439
155151,0,0.028649
155153,0,0.048473
155154,0,0.018984
155155,0,0.058754
155157,0,0.028325
155160,1,0.735428
155161,0,0.006116
155164,0,0.001000
155165,0,0.003438
155168,0,0.001000
155169,1,0.751220
155170,0,0.112394
155176,0,0.016804
155178,0,0.020701
155182,0,0.038779
155183,0,0.025396
155184,0,0.067399
155185,0,0.118639
155192,0,0.042401
155194,0,0.005214
155195,0,0.003869
155196,0,0.021419
155197,0,0.019747
155198,0,0.271952
155203,0,0.010528
155208,0,0.020117
155210,0,0.028602
155213,0,0.127256
155215,0,0.143008
155217,0,0.060753
155218,0,0.091689
155219,0,0.011640
155221,0,0.024787
155222,0,0.011205
155224,0,0.078156
155225,0,0.226713
155226,0,0.013892
155228,0,0.108295
155230,0,0.089420
155232,0,0.090344
155236,0,0.015630
155238,0,0.007099
155240,1,0.673786
155243,0,0.066089
155245,0,0.224441
155250,0,0.010271
155251,0,0.231011
155252,0,0.008724
155253,0,0.154158
155254,0,0.038491
155259,0,0.001000
155261,0,0.041520
155266,0,0.005411
155267,0,0.088564
155271,0,0.009112
155274,1,0.348491
155277,1,0.688215
155278,0,0.039433
155282,0,0.090033
155283,0,0.109670
155284,0,0.083658
155285,0,0.005031
155286,0,0.014469
155289,1,0.822900
155290,0,0.168824
155301,0,0.159127
155302,1,0.329990
155304,0,0.005882
155305,0,0.063192
155308,0,0.017804
155309,1,0.360179
155312,0,0.241011
155314,0,0.066782
155318,0,0.002122
155321,1,0.413649
155325,0,0.004434
155326,1,0.460541
155330,0,0.009912
155331,0,0.021763
155333,0,0.077074
155334,0,0.016825
155342,0,0.024278
155345,0,0.058133
155346,0,0.187292
155347,0,0.060191
155349,0,0.013345
155351,0,0.013031
155352,1,0.398131
155355,0,0.017579
155360,0,0.121580
155365,0,0.001295
155366,0,0.003557
155368,0,0.017447
155371,0,0.002796
155372,0,0.016222
155373,0,0.109259
155377,0,0.096273
155378,0,0.142372
155379,0,0.005553
155380,1,0.341371
155382,0,0.119194
155383,0,0.026489
155384,0,0.063546
155387,0,0.006674
155390,0,0.013120
155394,0,0.005406
155395,0,0.002803
155399,1,0.811631
155400,0,0.055457
155401,0,0.249795
155405,0,0.001330
155410,0,0.111286
155411,0,0.016273
155413,0,0.163840
155414,0,0.311331
155418,0,0.053699
155419,0,0.002128
155421,1,0.597134
155426,0,0.032061
155427,0,0.028508
155428,0,0.013713
155433,0,0.081359
155436,0,0.161356
155437,1,0.335405
155438,0,0.009167
155441,1,0.336098
155442,0,0.004673
155443,0,0.033552
155445,0,0.089508
155449,1,0.612155
155451,1,0.437715
155452,0,0.043439
155462,0,0.264037
155463,0,0.016839
155466,0,0.040803
155472,0,0.019103
155479,0,0.062756
155480,0,0.018474
155482,0,0.079388
155484,1,0.463307
155488,0,0.106871
155489,0,0.059872
155493,1,0.352001
155495,0,0.158571
155498,0,0.237023
155499,0,0.004343
155507,0,0.064993
155510,0,0.026590
155511,0,0.014847
155517,0,0.100579
155518,0,0.011779
155520,1,0.350327
155521,0,0.019858
155522,0,0.033228
155525,0,0.078965
155526,0,0.099938
155528,0,0.028390
155531,0,0.018441
155532,0,0.009048
155541,0,0.121622
155542,0,0.014967
155545,0,0.018869
155546,0,0.046567
155547,0,0.005896
155549,0,0.002142
155550,0,0.026206
155551,0,0.224480
155555,0,0.164675
155556,0,0.141411
155560,1,0.406236
155562,0,0.296549
155563,0,0.148687
155564,0,0.001783
155565,0,0.050206
155568,0,0.018494
155570,0,0.199692
155571,0,0.022334
155572,0,0.136353
155573,0,0.160450
155575,0,0.137202
155580,0,0.050685
155585,0,0.041385
155586,1,0.666959
155594,0,0.027298
155595,1,0.805470
155598,0,0.009830
155600,0,0.077570
155604,0,0.253004
155606,0,0.118058
155607,0,0.111150
155608,0,0.088685
155610,0,0.114927
155612,0,0.305771
155613,0,0.251083
155617,0,0.041593
155619,1,0.799038
155621,1,0.602556
155623,0,0.236664
155629,0,0.014329
155630,1,0.315321
155631,0,0.157912
155633,0,0.012277
155634,0,0.012995
155636,0,0.170672
155637,0,0.081768
155638,0,0.004290
155641,1,0.686884
155645,0,0.146817
155648,0,0.132340
155649,0,0.195351
155650,0,0.006094
155654,0,0.011459
155655,0,0.058042
155656,0,0.005570
155659,0,0.037454
155661,0,0.004151
155668,0,0.094092
155669,0,0.015799
155670,0,0.040655
155674,0,0.027496
155685,0,0.011384
155686,0,0.005878
155687,0,0.026601
155691,0,0.098731
155692,0,0.254468
155694,0,0.174259
155699,0,0.128301
155700,0,0.075748
155706,0,0.032306
155707,0,0.314593
155709,0,0.027098
155712,0,0.021844
155715,0,0.128593
155721,0,0.072472
155722,1,0.415879
155723,1,0.385547
155728,0,0.001000
155733,0,0.016725
155734,0,0.002666
155736,0,0.142977
155745,0,0.204746
155748,0,0.073577
155750,0,0.065239
155754,1,0.581596
155756,0,0.005469
155759,1,0.363658
155764,1,0.574401
155768,0,0.166193
155770,0,0.142664
155771,0,0.032755
155772,0,0.005605
155773,0,0.008397
155774,0,0.005249
155775,0,0.004246
155778,0,0.202184
155779,1,0.527214
155780,0,0.010817
155782,0,0.130970
155783,0,0.186538
155786,0,0.279187
155787,0,0.010549
155788,0,0.008851
155789,0,0.017211
155790,0,0.036013
155791,0,0.193903
155794,0,0.022933
155795,1,0.326908
155796,0,0.075248
155798,0,0.030660
155799,0,0.002159
155801,0,0.025977
155802,0,0.167654
155806,0,0.242668
155808,0,0.019630
155809,0,0.074656
155814,0,0.007307
155815,0,0.220657
155816,0,0.098065
155819,1,0.378946
155820,0,0.288025
155822,0,0.116370
155824,0,0.002999
155826,0,0.246461
155828,0,0.047492
155830,0,0.010144
155832,1,0.406200
155838,0,0.122454
155839,0,0.045433
155841,0,0.059110
155844,1,0.357520
155845,1,0.780215
155846,0,0.037076
155849,0,0.042340
155851,0,0.010233
155852,0,0.200637
155854,0,0.003780
155857,0,0.116660
155858,0,0.031244
155861,0,0.021507
155862,0,0.076004
155863,0,0.012616
155867,0,0.043174
155868,0,0.027482
155871,0,0.001625
155873,0,0.031242
155875,1,0.435420
155876,0,0.010017
155884,0,0.211232
155888,1,0.904879
155889,0,0.003206
155891,0,0.086588
155893,0,0.010878
155894,0,0.002839
155898,0,0.004455
155899,0,0.183915
155900,0,0.117433
155904,0,0.035930
155907,0,0.008047
155908,0,0.212067
155909,0,0.018244
155910,1,0.364540
155913,0,0.193332
155915,0,0.156146
155918,1,0.691879
155923,0,0.007300
155927,0,0.128595
155928,1,0.320894
155929,0,0.166713
155932,0,0.026941
155933,1,0.421259
155936,1,0.376016
155937,0,0.001000
155938,0,0.146164
155939,0,0.001000
155944,0,0.058052
155949,0,0.180483
155950,0,0.014574
155954,0,0.011080
155958,1,0.343963
155965,0,0.026692
155967,0,0.140586
155968,0,0.014829
155969,0,0.124528
155972,0,0.042756
155973,0,0.032274
155977,1,0.577637
155981,1,0.496258
155983,0,0.296339
155984,0,0.155897
155987,1,0.551715
155990,0,0.013859
155991,0,0.148054
155994,0,0.012716
155996,0,0.027884
155999,1,0.379361
156002,0,0.018584
156005,0,0.014745
156006,0,0.009255
156008,1,0.367634
156011,0,0.128845
156014,0,0.009537
156018,0,0.088072
156020,0,0.046786
156021,0,0.065014
156031,1,0.606676
156034,0,0.268271
156035,0,0.003717
156037,0,0.010486
156038,0,0.036209
156041,0,0.200963
156042,1,0.402385
156043,0,0.001000
156044,0,0.126408
156049,0,0.036193
156051,0,0.012234
156052,0,0.029673
156058,0,0.048612
156060,0,0.061146
156063,1,0.565034
156064,0,0.186029
156065,0,0.046049
156068,1,0.343126
156069,0,0.038401
156072,0,0.009576
156075,0,0.006406
156078,0,0.087384
156081,0,0.008055
156082,0,0.229113
156084,0,0.235672
156085,0,0.055343
156089,1,0.469663
156090,0,0.104314
156092,0,0.142982
156093,1,0.428625
156094,0,0.112655
156095,0,0.194587
156096,0,0.005460
156098,0,0.097949
156104,0,0.002493
156112,0,0.103754
156113,0,0.006998
156115,0,0.067480
156117,0,0.001569
156122,0,0.290055
156124,0,0.231356
156125,0,0.028615
156126,1,0.388050
156129,0,0.213699
156130,0,0.020594
156131,0,0.172490
156132,0,0.003351
156135,0,0.066089
156139,0,0.142117
156142,0,0.006626
156143,0,0.175457
156147,0,0.137007
156148,1,0.399713
156149,0,0.012371
156150,0,0.199164
156153,0,0.007867
156157,0,0.214597
156160,0,0.037028
156161,1,0.459415
156162,0,0.038345
156168,0,0.079325
156170,0,0.118409
156171,0,0.094645
156172,1,0.445752
156174,0,0.273954
156175,1,0.391006
156181,0,0.176916
156182,0,0.058948
156188,1,0.385827
156189,1,0.343520
156195,0,0.096758
156197,0,0.008126
156201,0,0.172127
156205,0,0.079640
156210,0,0.167887
156216,0,0.156773
156221,0,0.146357
156222,0,0.002393
156224,0,0.110043
156225,0,0.040614
156234,0,0.195888
156239,0,0.031390
156241,0,0.160833
156242,0,0.009231
156244,0,0.051192
156245,0,0.136056
156247,1,0.570097
156254,0,0.059511
156255,0,0.305208
156258,0,0.077584
156259,0,0.151663
156262,0,0.014073
156265,1,0.770906
156268,0,0.003509
156273,0,0.263633
156276,0,0.297608
156278,0,0.040623
156280,0,0.008971
156282,0,0.013303
156284,1,0.415084
156285,0,0.005366
156287,0,0.012176
156288,0,0.004331
156290,0,0.250716
156292,0,0.152549
156293,0,0.252108
156296,0,0.012388
156304,0,0.001999
156306,0,0.086356
156307,0,0.190802
156309,1,0.674219
156311,0,0.004859
156316,0,0.112359
156317,0,0.299661
156319,0,0.013631
156320,0,0.101126
156321,0,0.002041
156322,0,0.010139
156323,0,0.013511
156326,1,0.453314
156328,1,0.515241
156330,0,0.004713
156333,0,0.002355
156335,0,0.017183
156336,0,0.028835
156343,0,0.263124
156344,0,0.034412
156349,0,0.014493
156350,0,0.061268
156353,0,0.200540
156355,0,0.045872
156359,1,0.446613
156362,0,0.181089
156363,0,0.128299
156365,0,0.025097
156368,0,0.016325
156372,0,0.029150
156373,0,0.015406
156374,1,0.614942
156377,0,0.178664
156378,1,0.333077
156383,1,0.928085
156387,0,0.302958
156390,0,0.009464
156399,0,0.055067
156404,0,0.109719
156410,0,0.009217
156415,0,0.052640
156421,1,0.346030
156425,0,0.037682
156426,0,0.002085
156431,0,0.054501
156438,0,0.268222
156439,0,0.002776
156441,0,0.042382
156446,0,0.194240
156450,0,0.240485
156454,0,0.126559
156456,0,0.003877
156459,0,0.001997
156461,0,0.019414
156462,0,0.221404
156463,0,0.013894
156464,0,0.180512
156467,0,0.017362
156468,0,0.078063
156469,0,0.008261
156471,0,0.028123
156472,1,0.556703
156474,0,0.004000
156475,0,0.012533
156476,0,0.093284
156479,0,0.018777
156481,0,0.001669
156483,0,0.001557
156487,0,0.046514
156489,0,0.050472
156490,0,0.252155
156492,0,0.002149
156495,1,0.545132
156498,0,0.097411
156500,0,0.003839
156501,0,0.036536
156507,0,0.002460
156508,0,0.288164
156509,0,0.079412
156510,0,0.213824
156513,0,0.049249
156515,0,0.001739
156517,0,0.242706
156521,0,0.001234
156522,0,0.026939
156524,0,0.104533
156525,0,0.249193
156527,1,0.439863
156528,0,0.276239
156530,0,0.001000
156532,0,0.004051
156533,0,0.248841
156537,0,0.008087
156539,0,0.001660
156542,1,0.907439
156545,0,0.044064
156546,0,0.126221
156547,0,0.005388
156548,0,0.148928
156555,0,0.130968
156560,0,0.163973
156563,1,0.520340
156566,0,0.017039
156570,0,0.088447
156572,1,0.382138
156579,0,0.043817
156581,1,0.545918
156582,0,0.159624
156583,1,0.433414
156584,0,0.004302
156585,0,0.001657
156586,0,0.019431
156587,0,0.095299
156591,0,0.118970
156594,0,0.122656
156595,0,0.075611
156596,0,0.140363
156599,0,0.005065
156602,0,0.072036
156604,1,0.922833
156605,0,0.033755
156609,0,0.222351
156611,1,0.582382
156612,0,0.169673
156613,0,0.033665
156617,0,0.013448
156619,0,0.018397
156623,0,0.004062
156624,0,0.089992
156628,0,0.148306
156631,0,0.068400
156635,0,0.033431
156636,1,0.321401
156640,0,0.073491
156643,1,0.600017
156648,0,0.014666
156649,0,0.137565
156651,0,0.009052
156653,0,0.005022
156654,0,0.300820
156655,0,0.049930
156656,1,0.395167
156662,0,0.007920
156666,0,0.118139
156668,0,0.127278
156673,0,0.006718
156677,1,0.533133
156678,0,0.052537
156683,0,0.302051
156684,0,0.035282
156686,0,0.004352
156687,0,0.134851
156688,1,0.325768
156689,0,0.004090
156691,1,0.742972
156692,0,0.122401
156693,0,0.266354
156702,0,0.053128
156703,0,0.075281
156710,0,0.050353
156713,0,0.060214
156714,0,0.014556
156720,0,0.025572
156721,0,0.161832
156722,0,0.027688
156725,0,0.042344
156732,0,0.008514
156735,0,0.039990
156739,1,0.392466
156741,0,0.048063
156742,1,0.497242
156744,1,0.928489
156745,0,0.088378
156753,0,0.044014
156756,0,0.161409
156762,0,0.004951
156764,0,0.008150
156766,0,0.061373
156768,1,0.405462
156774,0,0.108106
156775,0,0.004683
156777,0,0.288006
156779,0,0.005689
156780,1,0.591408
156782,0,0.012639
156783,0,0.030698
156786,0,0.013707
156791,0,0.196352
156794,0,0.016252
156796,0,0.015945
156798,1,0.529826
156800,0,0.086538
156802,0,0.011771
156804,0,0.111447
156805,0,0.285365
156806,0,0.049267
156807,0,0.006254
156809,0,0.147493
156818,0,0.085244
156820,0,0.135952
156821,0,0.005415
156822,0,0.176912
156823,0,0.139677
156824,0,0.109544
156826,1,0.449166
156829,0,0.082719
156830,1,0.345448
156834,0,0.004259
156835,0,0.143984
156843,0,0.035371
156845,0,0.087696
156846,0,0.250908
156847,0,0.017226
156849,0,0.237616
156853,0,0.086431
156854,0,0.060593
156857,1,0.549149
156859,0,0.074743
156864,1,0.414784
156865,1,0.363053
156874,0,0.314471
156881,0,0.202642
156882,0,0.010362
156883,0,0.107530
156886,1,0.614614
156892,1,0.470460
156893,0,0.036879
156896,0,0.079401
156897,0,0.048204
156898,1,0.672637
156900,0,0.180686
156904,0,0.241492
156905,0,0.159177
156908,1,0.774675
156909,0,0.001302
156910,0,0.008028
156911,0,0.047372
156912,0,0.230299
156913,0,0.303972
156917,1,0.429298
156919,1,0.625181
156923,0,0.095672
156925,0,0.050318
156930,1,0.809724
156937,0,0.107736
156938,0,0.058605
156940,0,0.002116
156941,0,0.017693
156945,1,0.634547
156950,0,0.038436
156952,0,0.213672
156963,0,0.067295
156964,0,0.001604
156965,0,0.001000
156969,0,0.058335
156972,0,0.071436
156973,0,0.042765
156974,1,0.359028
156975,1,0.665870
156980,1,0.316955
156989,0,0.303115
156990,1,0.344246
156995,0,0.283433
156996,0,0.071882
157002,0,0.016641
157003,0,0.143563
157006,0,0.031331
157008,0,0.053748
157009,0,0.100469
157011,0,0.123073
157013,0,0.020106
157014,1,0.561041
157016,1,0.624342
157018,0,0.003567
157021,1,0.353509
157022,1,0.364353
157024,0,0.143910
157028,0,0.002229
157030,0,0.001691
157032,0,0.097178
157034,0,0.017138
157035,0,0.003956
157036,0,0.032714
157039,0,0.113085
157040,0,0.001000
157041,0,0.306852
157043,0,0.039872
157048,0,0.028079
157055,1,0.438238
157059,0,0.164285
157060,1,0.508022
157061,0,0.001845
157070,0,0.165623
157072,1,0.477364
157079,0,0.006531
157080,0,0.139486
157082,0,0.052697
157090,0,0.002044
157092,0,0.029254
157104,1,0.525606
157105,0,0.018042
157107,0,0.002321
157116,0,0.036469
157118,1,0.547729
157124,0,0.002243
157128,0,0.007236
157129,0,0.052142
157132,0,0.042319
157133,1,0.939427
157136,0,0.074073
157137,0,0.036827
157139,0,0.266504
157140,0,0.149042
157142,0,0.001354
157147,1,0.799943
157151,0,0.175074
157153,0,0.150698
157156,0,0.051068
157159,0,0.024987
157163,0,0.002628
157172,1,0.461788
157174,0,0.049702
157175,0,0.004395
157180,0,0.012507
157181,0,0.256805
157183,1,0.331791
157186,0,0.001000
157189,1,0.708098
157194,0,0.002869
157199,0,0.196995
157201,0,0.009832
157204,0,0.056389
157209,0,0.002659
157210,0,0.005434
157212,0,0.002491
157215,0,0.142447
157225,0,0.003780
157226,0,0.027003
157230,0,0.005389
157233,0,0.239170
157234,1,0.706766
157236,0,0.077085
157240,1,0.951928
157241,0,0.090591
157245,0,0.002095
157247,0,0.001757
157248,0,0.002884
157252,0,0.026847
157255,0,0.013769
157256,0,0.091529
157258,0,0.026247
157260,0,0.139934
157269,0,0.055908
157273,0,0.018432
157276,1,0.866026
157277,0,0.145887
157278,0,0.004387
157279,0,0.018027
157280,0,0.025731
157284,0,0.055430
157285,0,0.152001
157287,0,0.014020
157289,0,0.168444
157291,0,0.002386
157292,0,0.100478
157294,0,0.097335
157295,0,0.034707
157296,0,0.132488
157297,0,0.055275
157300,0,0.015687
157304,0,0.127498
157307,0,0.060900
157308,0,0.253933
157320,1,0.667688
157323,1,0.832388
157325,1,0.454711
157328,0,0.068019
157334,0,0.011643
157335,0,0.020537
157338,0,0.289943
157340,1,0.388319
157342,0,0.003407
157343,0,0.043315
157344,1,0.318728
157346,0,0.029339
157347,0,0.020726
157351,0,0.007282
157353,0,0.099384
157355,0,0.092200
157360,0,0.007406
157361,0,0.032880
157368,0,0.024464
157371,0,0.002214
157376,0,0.007135
157378,0,0.291426
157379,0,0.054395
157381,0,0.003671
157386,0,0.249033
157388,0,0.012384
157389,0,0.031568
157391,1,0.882551
157392,0,0.005910
157393,0,0.024911
157399,0,0.016507
157400,0,0.027612
157411,0,0.013480
157412,0,0.086414
157415,0,0.062615
157416,0,0.155970
157417,0,0.005157
157421,0,0.118631
157422,0,0.020621
157423,0,0.027922
157424,0,0.070899
157428,0,0.065228
157429,0,0.044377
157431,1,0.519476
157433,0,0.022634
157441,0,0.030250
157449,0,0.007755
157452,0,0.037231
157457,0,0.108727
157459,0,0.049765
157463,0,0.019114
157465,0,0.161970
157466,0,0.005548
157467,0,0.006265
157471,1,0.747530
157472,0,0.136565
157473,0,0.077690
157474,0,0.059623
157475,0,0.003800
157480,1,0.564574
157482,0,0.237826
157483,0,0.009819
157485,0,0.110455
157486,0,0.248794
157493,0,0.120291
157496,0,0.001000
157498,0,0.046776
157500,0,0.258857
157501,0,0.083404
157504,0,0.027769
157506,0,0.007643
157507,0,0.005010
157508,0,0.022612
157511,0,0.096420
157513,0,0.019096
157515,0,0.161441
157520,0,0.274312
157523,0,0.203248
157524,0,0.054582
157527,1,0.347198
157529,0,0.025651
157531,0,0.002359
157532,0,0.067988
157533,0,0.013423
157534,1,0.352641
157536,0,0.005271
157538,0,0.001634
157542,0,0.076598
157545,0,0.009213
157547,0,0.035115
157548,0,0.009673
157550,0,0.016790
157552,0,0.094246
157554,0,0.014224
157555,0,0.020697
157556,1,0.562675
157557,0,0.102092
157558,0,0.009758
157561,0,0.101610
157566,0,0.018344
157570,0,0.006822
157572,0,0.071410
157574,0,0.002729
157577,0,0.024765
157581,0,0.169121
157582,0,0.001478
157583,1,0.605448
157589,0,0.051765
157592,0,0.252151
157594,0,0.001000
157595,0,0.008534
157596,0,0.144225
157598,0,0.206495
157601,0,0.129779
157609,1,0.434944
157611,0,0.089592
157613,0,0.001000
157615,0,0.012539
157619,0,0.039080
157620,0,0.277016
157628,0,0.072459
157629,0,0.035033
157635,0,0.210952
157640,1,0.388842
157641,0,0.114718
157643,0,0.006836
157645,0,0.117271
157646,0,0.156521
157649,0,0.005654
157651,1,0.871928
157652,0,0.011088
157654,1,0.337579
157656,1,0.821692
157657,0,0.015863
157660,0,0.002302
157661,1,0.511248
157663,0,0.040368
157666,0,0.165635
157668,0,0.003250
157671,0,0.194848
157673,1,0.539279
157675,0,0.031833
157676,0,0.094865
157679,0,0.007975
157682,0,0.262081
157683,0,0.011366
157685,0,0.203584
157687,0,0.002186
157688,0,0.005956
157689,0,0.029102
157690,0,0.086795
157693,0,0.104611
157701,1,0.406880
157706,0,0.205917
157709,0,0.034164
157710,0,0.020774
157716,0,0.019100
157719,0,0.109041
157726,0,0.170182
157727,0,0.080360
157729,0,0.113746
157730,0,0.039813
157732,0,0.051376
157733,0,0.007760
157734,0,0.154075
157735,1,0.610927
157736,0,0.126693
157737,0,0.057449
157738,1,0.327388
157740,1,0.322402
157743,0,0.087904
157745,1,0.465275
157747,1,0.362738
157749,0,0.241204
157753,0,0.053173
157755,0,0.159595
157758,0,0.005285
157759,1,0.344435
157764,0,0.006526
157766,0,0.006343
157768,0,0.012370
157772,0,0.071813
157774,0,0.081510
157775,0,0.267289
157779,0,0.304708
157785,0,0.121873
157787,0,0.085723
157790,0,0.014760
157794,0,0.060377
157796,0,0.002391
157798,0,0.058792
157806,0,0.010019
157807,0,0.036463
157808,0,0.012197
157809,0,0.080760
157812,0,0.029477
157814,1,0.321321
157817,0,0.245892
157818,0,0.021571
157823,0,0.010653
157829,1,0.559768
157832,1,0.448721
157833,0,0.077582
157834,0,0.015298
157835,0,0.094355
157836,0,0.013777
157837,0,0.004654
157838,0,0.186043
157839,0,0.027456
157840,0,0.159634
157841,0,0.102550
157842,0,0.197261
157843,0,0.078735
157845,0,0.063180
157847,1,0.400251
157848,0,0.134943
157849,1,0.408105
157850,1,0.754120
157852,0,0.010844
157854,0,0.081046
157856,0,0.080074
157859,0,0.024033
157861,0,0.066872
157862,0,0.052357
157866,0,0.205701
157870,0,0.120587
157872,1,0.432226
157875,0,0.068213
157877,1,0.588969
157878,0,0.001953
157880,0,0.078749
157881,0,0.179150
157885,1,0.461232
157886,0,0.052106
157887,1,0.497838
157890,0,0.179340
157891,0,0.133953
157893,0,0.006122
157894,0,0.059636
157899,0,0.013313
157900,1,0.336591
157903,0,0.140447
157904,0,0.195511
157906,0,0.007819
157908,0,0.024965
157912,0,0.009260
157915,0,0.029262
157918,0,0.044404
157920,1,0.533924
157925,0,0.226800
157928,0,0.063354
157929,0,0.003051
157930,0,0.011575
157931,1,0.426857
157933,0,0.054476
157936,1,0.502696
157941,0,0.012795
157943,0,0.014026
157944,0,0.003887
157945,0,0.202911
157948,0,0.232418
157949,0,0.006601
157950,0,0.062859
157951,0,0.128440
157952,0,0.294217
157953,0,0.041686
157958,1,0.623938
157963,0,0.015457
157964,0,0.031139
157965,0,0.088830
157969,0,0.004717
157972,0,0.131558
157973,0,0.074966
157974,0,0.019532
157975,1,0.471875
157976,0,0.084339
157977,1,0.463556
157981,0,0.046055
157982,0,0.050860
157985,0,0.030398
157986,0,0.087139
157990,0,0.008166
157994,0,0.313852
157995,0,0.266756
157997,0,0.068043
158000,0,0.019575
158002,0,0.009064
158003,0,0.012466
158004,0,0.020926
158007,0,0.021662
158008,0,0.020111
158010,0,0.049071
158011,0,0.107316
158016,0,0.009216
158021,0,0.009236
158023,1,0.410808
158025,0,0.117931
158029,0,0.156172
158032,0,0.043998
158034,0,0.021310
158035,0,0.006043
158036,0,0.061000
158038,0,0.173511
158047,0,0.263481
158048,0,0.151905
158053,0,0.030758
158054,1,0.347899
158057,1,0.338803
158058,0,0.076694
158060,0,0.007557
158062,0,0.029044
158063,1,0.327026
158064,0,0.013420
158065,0,0.209108
158066,0,0.197175
158069,0,0.051732
158070,0,0.055772
158071,0,0.048002
158072,0,0.090925
158074,0,0.009373
158075,0,0.213671
158077,1,0.630627
158080,1,0.736473
158081,0,0.021679
158083,0,0.039527
158084,0,0.007319
158085,0,0.014450
158086,0,0.239731
158088,0,0.037872
158089,0,0.014941
158090,1,0.363647
158095,0,0.004216
158098,0,0.006739
158099,0,0.001000
158101,0,0.012703
158102,0,0.219306
158103,0,0.131669
158105,0,0.101865
158106,0,0.005726
158114,0,0.103758
158115,1,0.339306
158116,0,0.005664
158117,0,0.251831
158119,0,0.003367
158121,0,0.073265
158123,0,0.107269
158126,0,0.002149
158127,1,0.423277
158128,0,0.086058
158130,0,0.228301
158131,0,0.170787
158132,1,0.793063
158134,0,0.025166
158135,0,0.095772
158144,0,0.005360
158147,0,0.195453
158148,0,0.014508
158150,0,0.065911
158151,1,0.443902
158155,0,0.009161
158157,0,0.019439
158158,0,0.071730
158160,0,0.074578
158164,0,0.259776
158165,0,0.184466
158167,0,0.003523
158168,0,0.309181
158170,0,0.246364
158177,0,0.007173
158179,0,0.009654
158190,0,0.146173
158196,0,0.224762
158197,1,0.479181
158205,0,0.011874
158208,0,0.124002
158210,0,0.289809
158211,1,0.543434
158213,0,0.123241
158215,0,0.002742
158216,0,0.116955
158217,0,0.119268
158223,1,0.593244
158224,0,0.226788
158230,0,0.045410
158232,0,0.097005
158233,0,0.097140
158238,0,0.063277
158244,0,0.010962
158245,0,0.068213
158248,0,0.013134
158249,0,0.001265
158250,0,0.037308
158252,1,0.427758
158255,0,0.120284
158256,0,0.016471
158260,0,0.001000
158265,0,0.030251
158266,0,0.022936
158267,0,0.015698
158268,0,0.042471
158274,0,0.215690
158279,0,0.005868
158280,0,0.191319
158288,0,0.168048
158290,0,0.009044
158293,1,0.428030
158295,0,0.148709
158296,0,0.011036
158300,0,0.011938
158304,0,0.021212
158308,0,0.053055
158311,0,0.009748
158315,0,0.001000
158316,0,0.016636
158322,0,0.061059
158325,0,0.009713
158326,0,0.035629
158332,0,0.005957
158337,0,0.055286
158345,0,0.037747
158348,1,0.491544
158349,0,0.092116
158351,1,0.418918
158353,0,0.024129
158354,0,0.109020
158355,0,0.127506
158357,0,0.001346
158364,0,0.187851
158369,0,0.017548
158372,0,0.024820
158377,0,0.045474
158379,0,0.130942
158382,1,0.441101
158384,0,0.019658
158386,0,0.036159
158387,0,0.216042
158389,1,0.667246
158390,0,0.288676
158391,0,0.004929
158393,1,0.867072
158395,0,0.090759
158396,0,0.045842
158397,0,0.301568
158401,0,0.031727
158402,0,0.005654
158403,0,0.017095
158407,0,0.206502
158408,0,0.001451
158414,0,0.038655
158418,0,0.102027
158421,1,0.550950
158423,0,0.059361
158424,0,0.312779
158436,0,0.009467
158438,0,0.011012
158439,0,0.039787
158441,0,0.047370
158443,0,0.033581
158447,0,0.009805
158448,0,0.087052
158449,1,0.423960
158451,0,0.014659
158452,0,0.004648
158453,0,0.011760
158461,1,0.503065
158463,0,0.208980
158464,0,0.115537
158470,0,0.212449
158473,0,0.235857
158475,0,0.005018
158476,0,0.073138
158481,0,0.206316
158484,0,0.259611
158488,0,0.002147
158490,0,0.057982
158492,0,0.258625
158493,0,0.035077
158499,1,0.785405
158500,0,0.145562
158501,1,0.558286
158504,0,0.067247
158508,0,0.067516
158509,0,0.013164
158511,0,0.067792
158515,0,0.086959
158516,0,0.163070
158518,0,0.004086
158520,0,0.123641
158522,0,0.297453
158523,0,0.014581
158524,0,0.003291
158529,0,0.152203
158533,0,0.111055
158534,0,0.015658
158539,0,0.023750
158546,0,0.052705
158547,0,0.092140
158556,1,0.797158
158558,0,0.002769
158560,1,0.755274
158562,0,0.011187
158563,0,0.063472
158565,0,0.003719
158567,0,0.112740
158572,0,0.178259
158573,0,0.007323
158576,0,0.291846
158580,0,0.032438
158584,0,0.007523
158586,0,0.001000
158590,0,0.022550
158592,0,0.009377
158594,0,0.078523
158595,0,0.057474
158596,0,0.127871
158603,0,0.003545
158605,0,0.182038
158608,0,0.025836
158611,0,0.106576
158612,0,0.002661
158613,0,0.008988
158614,1,0.402985
158620,0,0.001000
158621,1,0.638130
158623,0,0.006236
158624,0,0.137226
158626,1,0.395386
158627,0,0.003290
158628,0,0.131422
158629,0,0.239843
158632,0,0.266039
158633,1,0.385351
158636,0,0.057642
158642,0,0.076453
158644,0,0.016508
158646,1,0.353833
158649,1,0.384518
158655,0,0.014301
158657,0,0.009401
158661,0,0.019480
158666,0,0.117123
158669,0,0.185451
158672,0,0.001103
158679,0,0.145597
158681,0,0.123355
158689,1,0.466821
158690,0,0.008804
158692,0,0.007845
158693,0,0.141229
158694,0,0.118555
158699,0,0.010007
158703,1,0.454126
158704,0,0.084045
158709,0,0.223267
158714,0,0.006312
158715,0,0.113371
158716,1,0.716428
158717,0,0.007335
158722,1,0.316259
158727,0,0.174093
158728,0,0.112302
158729,0,0.023766
158731,0,0.090569
158732,0,0.086236
158734,1,0.357072
158739,0,0.036320
158743,0,0.010106
158746,0,0.012831
158748,0,0.019917
158749,0,0.284811
158752,0,0.062182
158753,1,0.786344
158754,0,0.021312
158755,0,0.038071
158758,0,0.201089
158759,0,0.123377
158762,0,0.002355
158766,0,0.231030
158768,0,0.032755
158769,0,0.158303
158770,0,0.087998
158771,0,0.099087
158772,0,0.025559
158773,0,0.008452
158774,0,0.079942
158775,0,0.238021
158777,0,0.146064
158779,0,0.194052
158780,0,0.029020
158781,0,0.072829
158786,0,0.106120
158793,0,0.016226
158797,0,0.024125
158803,0,0.010522
158808,0,0.062875
158809,0,0.031220
158811,0,0.270237
158812,0,0.073403
158813,0,0.021819
158815,0,0.025967
158819,0,0.005259
158826,0,0.086884
158832,1,0.528321
158833,0,0.023172
158834,1,0.331120
158836,0,0.189261
158837,0,0.226050
158839,0,0.011861
158840,1,0.378083
158851,0,0.023842
158852,0,0.007369
158854,0,0.215287
158855,0,0.031373
158857,0,0.051139
158862,0,0.002705
158863,0,0.050525
158865,1,0.673576
158868,0,0.016645
158869,1,0.379399
158871,0,0.003844
158872,1,0.793440
158873,0,0.014111
158880,0,0.002562
158882,0,0.012262
158884,0,0.122095
158886,0,0.146542
158892,0,0.057538
158893,1,0.627631
158895,0,0.028647
158898,0,0.007391
158899,0,0.002409
158900,0,0.031817
158902,0,0.111563
158905,0,0.032128
158912,1,0.395562
158914,0,0.055034
158915,0,0.099173
158916,0,0.006167
158922,0,0.158819
158924,0,0.157528
158926,0,0.004659
158927,0,0.011029
158928,0,0.006006
158932,1,0.434566
158933,0,0.011991
158935,0,0.029928
158938,0,0.023361
158944,0,0.103019
158947,0,0.182588
158948,0,0.030544
158949,0,0.050897
158953,0,0.002548
158954,0,0.025575
158957,0,0.101173
158958,0,0.185490
158961,1,0.366496
158971,0,0.062866
158972,1,0.424972
158977,0,0.004260
158978,0,0.008103
158980,0,0.166450
158986,0,0.010186
158987,1,0.633861
158991,0,0.019793
158993,0,0.027484
158994,0,0.002750
158995,0,0.025163
158996,0,0.028302
158997,0,0.003284
159004,0,0.014042
159006,0,0.005987
159007,0,0.075359
159009,0,0.038484
159011,0,0.004015
159012,1,0.670194
159014,0,0.004973
159016,0,0.204884
159017,0,0.050896
159018,0,0.052459
159019,0,0.093328
159020,0,0.012193
159021,0,0.100537
159022,0,0.248556
159023,0,0.132707
159024,0,0.089531
159026,0,0.180242
159030,0,0.065012
159031,0,0.276256
159033,0,0.022790
159034,0,0.070771
159038,0,0.204608
159044,0,0.257065
159046,0,0.016702
159048,0,0.063812
159049,0,0.028984
159052,0,0.064385
159055,0,0.249186
159058,0,0.284912
159064,0,0.007531
159067,0,0.043228
159068,1,0.838913
159074,0,0.127366
159077,0,0.072310
159079,0,0.110685
159084,0,0.002802
159086,0,0.025558
159091,0,0.116139
159092,0,0.009926
159094,0,0.002843
159099,1,0.563244
159106,0,0.037166
159109,0,0.050830
159110,0,0.006318
159112,0,0.051664
159113,1,0.442733
159117,0,0.030966
159120,0,0.011181
159121,0,0.003910
159125,0,0.034921
159126,1,0.437136
159127,0,0.027859
159134,0,0.077098
159135,0,0.037798
159139,0,0.145917
159141,1,0.375883
159143,0,0.078519
159144,0,0.003661
159145,0,0.039005
159148,0,0.075745
159149,0,0.001000
159153,0,0.006512
159158,0,0.036922
159161,0,0.030732
159162,0,0.005947
159163,0,0.013908
159164,0,0.040379
159165,0,0.058207
159168,1,0.675792
159170,0,0.161680
159180,0,0.008580
159185,0,0.017941
159187,0,0.110243
159189,1,0.453045
159190,0,0.016253
159191,1,0.982614
159192,0,0.015947
159193,0,0.001000
159196,0,0.040168
159198,0,0.115673
159200,0,0.024820
159201,0,0.008573
159203,0,0.009855
159205,0,0.015421
159206,1,0.387528
159208,0,0.061742
159209,0,0.056843
159210,0,0.001534
159214,0,0.127294
159215,0,0.002784
159222,0,0.005885
159223,1,0.383311
159228,1,0.326145
159230,0,0.032512
159232,0,0.024965
159233,0,0.075767
159238,0,0.001000
159239,0,0.043885
159242,0,0.265357
159243,0,0.022339
159244,0,0.132527
159247,0,0.139889
159249,1,0.372435
159257,0,0.181934
159261,0,0.018657
159263,0,0.051700
159264,0,0.088861
159265,0,0.094076
159270,0,0.246320
159272,1,0.341460
159274,0,0.023750
159276,0,0.002333
159278,0,0.027994
159280,0,0.001000
159281,0,0.024044
159286,0,0.010259
159290,0,0.004948
159294,1,0.327286
159295,0,0.074708
159296,0,0.162178
159300,0,0.022147
159304,0,0.212830
159306,0,0.296078
159307,0,0.108196
159311,0,0.310699
159314,0,0.250181
159316,0,0.281921
159317,0,0.072356
159322,0,0.296658
159326,0,0.092871
159327,0,0.011526
159328,0,0.152623
159330,0,0.003102
159332,0,0.029900
159342,0,0.027243
159343,0,0.020309
159344,1,0.723081
159346,0,0.108708
159347,1,0.340975
159348,0,0.187182
159349,0,0.052612
159352,0,0.186476
159353,0,0.063108
159355,1,0.318193
159356,0,0.240363
159357,0,0.038659
159359,0,0.275904
159361,0,0.007123
159363,0,0.010970
159365,0,0.015013
159373,1,0.645082
159374,0,0.041425
159377,0,0.055179
159379,0,0.005527
159380,0,0.098886
159382,0,0.030388
159383,0,0.077857
159384,0,0.128055
159387,0,0.262621
159388,0,0.035892
159389,0,0.025770
159397,0,0.085724
159399,0,0.015849
159401,0,0.010656
159402,0,0.062443
159407,0,0.022357
159409,0,0.050038
159411,0,0.101037
159415,0,0.301921
159416,0,0.295465
159424,0,0.102937
159425,1,0.396703
159429,0,0.004730
159430,0,0.083018
159431,0,0.055663
159432,0,0.009302
159435,1,0.678171
159442,0,0.197555
159445,0,0.216479
159448,0,0.012741
159450,0,0.007272
159452,0,0.046269
159453,0,0.039211
159456,0,0.094036
159457,0,0.008587
159460,0,0.146681
159461,0,0.003659
159470,0,0.001744
159471,0,0.153842
159472,0,0.012854
159474,0,0.212365
159475,1,0.462968
159476,0,0.007656
159479,0,0.143171
159480,0,0.002092
159483,0,0.096968
159484,0,0.159946
159485,0,0.024922
159486,0,0.015446
159487,0,0.202285
159491,1,0.367065
159495,0,0.086030
159500,1,0.361864
159501,0,0.005509
159506,0,0.100605
159507,0,0.173651
159509,0,0.067939
159511,0,0.020381
159517,0,0.048775
159525,0,0.001000
159528,0,0.151396
159534,0,0.003362
159536,1,0.346220
159540,0,0.092192
159544,0,0.304447
159548,0,0.058702
159550,1,0.623721
159552,0,0.153542
159556,0,0.033163
159559,0,0.024305
159566,0,0.010949
159567,0,0.007929
159569,0,0.065778
159570,0,0.065799
159576,0,0.042071
159581,0,0.250176
159583,0,0.190884
159585,0,0.040364
159587,0,0.049693
159588,0,0.009225
159595,0,0.037900
159596,0,0.005991
159599,0,0.037414
159602,0,0.048236
159604,1,0.650783
159606,1,0.819446
159607,1,0.462385
159612,0,0.085234
159614,0,0.236191
159615,0,0.128474
159618,0,0.106778
159620,0,0.042877
159624,0,0.036229
159626,0,0.136944
159632,0,0.009088
159634,0,0.006589
159644,0,0.023832
159646,0,0.001000
159649,0,0.041810
159650,0,0.027179
159651,0,0.019890
159652,0,0.091585
159658,1,0.919669
159659,0,0.017178
159660,0,0.037031
159666,0,0.019579
159667,1,0.493213
159668,0,0.030344
159669,1,0.630275
159670,0,0.127687
159673,0,0.002951
159674,0,0.037279
159675,0,0.013971
159678,0,0.022899
159679,0,0.132160
159680,0,0.060418
159682,0,0.055311
159686,0,0.212869
159689,0,0.009230
159692,1,0.341628
159693,0,0.229739
159695,0,0.062105
159697,0,0.008643
159701,0,0.001196
159705,0,0.090267
159706,0,0.002026
159710,0,0.019073
159713,0,0.068588
159714,0,0.178223
159715,0,0.037013
159719,0,0.007859
159723,0,0.057635
159724,1,0.693450
159725,0,0.108694
159726,0,0.006268
159727,1,0.368410
159729,0,0.028671
159730,0,0.104640
159731,0,0.136501
159733,0,0.267290
159735,0,0.093773
159738,0,0.186609
159739,0,0.032584
159740,0,0.156841
159742,0,0.149384
159744,0,0.003028
159747,1,0.346410
159752,0,0.077357
159758,0,0.002502
159761,0,0.021323
159764,0,0.154288
159766,0,0.024193
159769,0,0.008546
159770,0,0.082538
159771,0,0.001144
159777,0,0.034749
159778,0,0.171553
159779,0,0.032883
159780,1,0.621956
159781,0,0.008046
159782,0,0.140229
159786,1,0.870839
159788,0,0.034842
159790,0,0.028600
159794,0,0.043523
159797,0,0.044482
159798,1,0.467194
159799,0,0.022572
159805,1,0.459492
159807,0,0.003584
159814,0,0.014683
159820,0,0.088747
159823,0,0.034113
159825,0,0.036186
159826,1,0.451902
159834,1,0.656734
159835,0,0.035407
159837,1,0.604762
159840,0,0.013398
159843,0,0.013913
159846,0,0.206627
159851,0,0.092403
159852,0,0.034408
159861,0,0.160286
159862,0,0.031814
159865,0,0.002625
159868,0,0.056803
159869,0,0.014366
159870,1,0.320448
159872,0,0.231248
159873,0,0.200577
159874,0,0.062739
159875,0,0.162957
159879,0,0.057818
159881,0,0.014146
159882,0,0.028974
159884,0,0.053491
159887,0,0.022536
159888,0,0.001637
159890,0,0.252751
159896,0,0.070876
159897,0,0.010671
159901,0,0.021637
159903,0,0.034700
159904,1,0.907524
159908,0,0.151757
159909,0,0.001000
159910,0,0.182746
159912,0,0.033586
159916,0,0.177704
159918,1,0.653759
159920,0,0.228522
159921,1,0.627715
159923,1,0.384609
159931,0,0.084019
159934,0,0.171512
159936,0,0.248601
159939,0,0.248559
159941,0,0.011714
159942,0,0.215583
159943,0,0.072458
159944,0,0.307157
159945,0,0.049982
159946,0,0.009739
159952,0,0.015128
159954,0,0.004305
159957,1,0.593992
159958,0,0.200938
159962,1,0.553541
159964,0,0.003531
159969,0,0.002800
159972,0,0.008333
159976,0,0.048331
159979,0,0.008225
159980,0,0.001000
159981,1,0.359697
159984,0,0.035371
159988,0,0.283013
159990,1,0.756368
159991,0,0.070477
159992,0,0.195491
159995,0,0.004704
159996,0,0.043324
159998,0,0.100463
160000,0,0.013933
160001,0,0.003848
160003,0,0.249571
160010,0,0.009178
160011,0,0.087649
160019,0,0.007669
160020,0,0.161985
160022,0,0.023852
160023,0,0.011576
160027,0,0.024872
160030,0,0.024682
160033,1,0.517674
160034,0,0.094086
160035,1,0.732798
160036,0,0.294877
160040,0,0.039944
160041,0,0.001626
160042,0,0.014180
160044,0,0.053558
160045,0,0.004369
160046,0,0.018933
160048,0,0.232175
160049,0,0.037753
160051,0,0.123302
160059,0,0.027346
160062,1,0.374159
160066,0,0.022098
160072,0,0.013269
160073,0,0.013801
160074,0,0.204562
160076,0,0.097042
160079,0,0.011874
160080,0,0.002128
160084,0,0.121687
160085,0,0.022779
160086,0,0.096600
160087,0,0.055036
160092,0,0.211131
160093,0,0.010668
160094,0,0.179804
160100,0,0.113800
160104,0,0.025622
160107,0,0.046872
160109,0,0.132958
160112,0,0.003777
160114,0,0.004810
160115,0,0.044422
160117,0,0.015241
160118,0,0.009676
160121,0,0.060771
160122,0,0.271444
160123,0,0.007800
160124,0,0.060732
160126,0,0.003211
160127,0,0.022093
160129,0,0.002371
160131,0,0.103906
160137,0,0.011723
160141,0,0.045333
160142,0,0.014532
160143,0,0.005059
160145,0,0.002663
160146,0,0.002966
160149,0,0.179536
160150,0,0.283836
160156,0,0.016855
160157,0,0.045098
160163,0,0.244150
160164,0,0.017380
160166,1,0.647589
160168,0,0.002312
160170,0,0.173770
160171,1,0.728284
160172,0,0.045314
160174,0,0.011660
160175,0,0.056610
160178,0,0.016812
160179,0,0.024503
160181,0,0.082834
160183,1,0.453218
160185,0,0.239456
160190,0,0.015948
160193,0,0.015999
160194,0,0.007882
160195,0,0.156951
160196,1,0.334902
160200,1,0.326935
160202,0,0.001000
160203,1,0.534262
160204,0,0.013658
160207,1,0.350316
160208,0,0.221017
160209,0,0.046789
160213,1,0.924729
160216,1,0.349775
160217,0,0.062785
160221,0,0.059173
160223,0,0.006308
160225,0,0.004610
160234,0,0.007982
160236,0,0.248397
160237,0,0.040816
160239,0,0.253919
160241,0,0.015664
160244,0,0.144243
160246,0,0.022352
160247,1,0.735050
160249,1,0.695017
160253,0,0.184470
160254,0,0.122600
160255,0,0.123151
160257,0,0.237194
160258,0,0.168287
160260,0,0.082843
160261,1,0.483078
160263,0,0.030954
160269,0,0.011783
160270,1,0.360957
160277,0,0.015209
160278,1,0.895949
160280,0,0.090432
160285,1,0.348919
160290,1,0.413023
160292,0,0.019907
160293,0,0.156467
160295,0,0.194010
160298,0,0.004581
160299,0,0.096119
160301,0,0.138415
160305,0,0.020986
160309,1,0.427561
160314,1,0.606030
160315,0,0.314722
160323,0,0.155754
160329,0,0.063296
160330,1,0.320257
160331,0,0.183316
160349,0,0.013991
160355,0,0.021263
160357,0,0.096443
160360,0,0.016934
160362,0,0.219035
160363,0,0.033540
160364,1,0.556207
160366,0,0.046580
160367,0,0.042398
160375,0,0.016625
160376,0,0.142428
160382,0,0.022709
160385,0,0.116124
160389,0,0.013294
160390,1,0.387726
160391,0,0.029000
160398,0,0.034837
160399,0,0.132173
160403,0,0.030874
160404,0,0.077843
160405,0,0.008306
160408,0,0.079493
160410,0,0.032609
160411,0,0.009718
160413,0,0.022985
160416,0,0.167697
160417,0,0.002041
160418,0,0.213681
160419,0,0.017514
160420,0,0.063638
160425,0,0.170762
160426,1,0.496616
160429,0,0.011996
160432,1,0.379624
160433,0,0.112904
160434,1,0.558988
160436,1,0.623689
160437,0,0.009276
160439,0,0.013921
160440,0,0.064546
160441,0,0.189072
160442,0,0.003639
160453,1,0.337917
160454,0,0.189434
160459,1,0.389412
160460,0,0.057599
160461,1,0.813603
160462,1,0.494385
160465,0,0.045972
160468,0,0.091861
160470,0,0.193402
160478,0,0.053959
160480,0,0.110636
160481,0,0.059490
160482,0,0.188464
160486,0,0.002782
160488,0,0.139713
160491,0,0.178859
160495,0,0.169562
160504,0,0.046592
160508,0,0.004240
160509,0,0.003182
160512,0,0.104755
160513,1,0.369912
160515,0,0.294519
160517,0,0.002637
160526,1,0.716129
160527,0,0.006013
160529,0,0.007975
160532,0,0.005681
160533,0,0.060887
160535,1,0.379870
160537,0,0.064277
160539,1,0.867932
160541,1,0.627251
160546,0,0.019903
160547,0,0.028763
160553,1,0.373004
160558,0,0.087779
160560,0,0.098825
160563,1,0.324001
160567,0,0.157899
160570,0,0.053140
160574,0,0.082729
160579,0,0.038510
160581,1,0.402462
160585,0,0.103480
160586,0,0.007043
160591,0,0.019803
160592,0,0.040596
160593,0,0.299577
160595,0,0.037662
160602,0,0.082295
160605,0,0.012028
160606,0,0.043586
160608,1,0.412423
160611,0,0.010373
160612,0,0.046523
160613,0,0.006835
160614,0,0.038034
160615,0,0.050774
160616,0,0.022816
160619,0,0.184329
160621,0,0.011535
160627,0,0.062367
160629,0,0.019307
160631,0,0.094739
160633,0,0.008464
160634,0,0.001000
160637,0,0.006837
160640,0,0.147786
160648,0,0.063610
160652,0,0.110532
160653,0,0.007497
160654,0,0.303558
160658,1,0.483939
160659,0,0.253707
160661,0,0.053263
160667,0,0.007295
160668,0,0.259723
160669,0,0.009015
160670,0,0.232065
160671,0,0.059863
160673,0,0.007790
160680,0,0.014784
160682,0,0.014393
160683,0,0.073394
160684,0,0.007689
160685,0,0.008800
160690,0,0.119874
160694,0,0.033837
160706,0,0.215341
160708,0,0.003576
160709,0,0.065366
160710,0,0.065741
160713,0,0.121286
160715,0,0.155179
160719,0,0.001000
160720,0,0.027418
160723,0,0.010927
160726,0,0.129285
160727,0,0.156190
160730,0,0.021071
160732,0,0.011074
160733,0,0.148540
160735,0,0.012700
160736,0,0.002913
160738,0,0.017081
160739,0,0.001354
160743,0,0.226114
160750,0,0.001112
160751,0,0.050770
160752,0,0.010431
160754,0,0.005359
160755,0,0.145425
160758,0,0.188806
160759,0,0.276323
160761,0,0.001000
160763,0,0.134861
160764,0,0.146995
160765,0,0.041925
160770,0,0.027500
160773,0,0.051460
160778,0,0.164924
160780,0,0.010312
160782,0,0.016534
160787,0,0.010321
160791,0,0.006066
160795,0,0.208545
160798,1,0.775043
160801,0,0.184698
160803,1,0.361613
160804,0,0.093616
160813,0,0.001205
160815,0,0.010188
160818,0,0.189459
160820,0,0.168160
160825,0,0.238516
160829,0,0.017339
160831,0,0.009667
160835,0,0.030255
160838,0,0.226935
160839,0,0.007385
160841,0,0.001000
160844,0,0.078611
160849,1,0.329365
160854,1,0.394451
160858,0,0.049208
160859,0,0.005923
160862,0,0.010135
160866,0,0.077918
160867,0,0.018382
160868,0,0.035124
160872,0,0.142614
160873,0,0.017236
160877,0,0.234132
160878,0,0.001113
160883,1,0.401570
160886,1,0.616860
160887,0,0.012460
160891,0,0.044260
160892,0,0.005436
160893,0,0.016402
160894,0,0.050015
160896,0,0.098994
160900,0,0.049473
160901,1,0.451988
160903,0,0.009683
160907,1,0.598367
160909,0,0.303925
160911,0,0.004875
160912,0,0.258566
160913,0,0.189665
160916,0,0.045193
160917,0,0.039669
160919,0,0.025962
160921,0,0.025290
160923,0,0.001000
160924,0,0.065478
160925,0,0.066314
160936,0,0.027040
160939,0,0.017667
160941,0,0.013358
160943,0,0.084142
160946,0,0.229999
160948,0,0.008487
160950,0,0.058543
160952,1,0.352177
160954,1,0.403387
160959,0,0.137491
160960,0,0.012998
160961,0,0.001944
160963,0,0.001000
160964,0,0.113679
160968,0,0.009954
160969,0,0.096022
160973,0,0.170152
160975,0,0.105743
160981,0,0.242204
160982,0,0.004262
160986,0,0.001620
160989,1,0.541486
160991,0,0.297084
160992,0,0.289551
160994,0,0.009686
160996,0,0.161175
160997,0,0.018910
160998,0,0.017622
161001,0,0.052590
161009,0,0.051806
161013,1,0.346075
161014,0,0.067940
161015,1,0.576487
161016,0,0.001000
161018,0,0.009516
161019,0,0.178888
161021,0,0.050142
161030,0,0.001435
161033,0,0.126248
161034,0,0.010801
161037,0,0.032332
161040,0,0.045051
161041,0,0.224107
161043,0,0.034363
161046,0,0.060630
161048,0,0.030619
161049,0,0.010810
161050,0,0.051949
161053,0,0.061587
161056,0,0.209040
161058,1,0.402846
161062,0,0.123777
161063,0,0.213948
161065,0,0.024260
161066,0,0.254369
161074,0,0.176814
161077,0,0.012371
161078,1,0.696396
161081,0,0.003800
161086,0,0.050879
161091,0,0.016597
161093,0,0.177771
161098,0,0.060787
161101,0,0.262248
161102,0,0.011595
161107,0,0.004760
161108,0,0.006811
161113,0,0.003457
161117,0,0.039542
161121,0,0.008042
161134,0,0.008265
161137,0,0.032183
161139,0,0.006580
161142,1,0.475303
161143,0,0.025222
161149,0,0.016774
161151,1,0.502358
161156,0,0.033854
161157,0,0.064958
161159,1,0.467003
161160,0,0.001000
161166,1,0.546571
161173,0,0.017258
161174,0,0.131302
161175,0,0.002268
161176,0,0.298020
161179,0,0.165311
161183,0,0.016932
161187,0,0.070931
161188,0,0.131412
161197,0,0.014756
161198,0,0.199069
161199,1,0.344410
161201,0,0.167350
161202,0,0.144565
161208,0,0.232584
161209,0,0.195946
161216,0,0.024750
161217,0,0.007003
161218,0,0.295017
161219,0,0.023421
161220,0,0.011457
161221,0,0.018244
161222,0,0.012640
161227,0,0.056581
161228,0,0.059890
161233,0,0.025252
161238,0,0.034407
161243,0,0.130447
161249,0,0.028758
161254,0,0.025101
161259,0,0.090037
161260,0,0.020934
161265,0,0.105386
161270,0,0.042743
161271,0,0.005436
161273,0,0.017747
161274,0,0.144056
161280,0,0.060700
161282,0,0.022164
161284,0,0.018589
161287,0,0.024990
161289,1,0.704195
161293,1,0.843224
161294,0,0.025809
161301,1,0.330947
161305,0,0.042831
161314,0,0.229571
161316,0,0.266072
161318,0,0.011878
161320,0,0.066078
161321,0,0.299449
161329,0,0.009549
161332,1,0.551988
161335,0,0.121874
161336,0,0.041929
161337,0,0.100799
161339,0,0.004360
161345,0,0.082423
161346,0,0.084420
161351,0,0.050811
161355,0,0.103098
161360,0,0.061073
161361,1,0.332603
161362,0,0.270462
161364,0,0.038213
161365,0,0.016875
161367,0,0.025749
161375,1,0.562730
161376,0,0.026982
161382,0,0.056554
161386,1,0.486045
161388,1,0.622364
161392,0,0.003827
161394,0,0.006861
161395,0,0.044800
161397,0,0.022487
161398,1,0.373764
161399,0,0.070547
161402,0,0.033423
161406,1,0.370140
161407,1,0.326382
161411,0,0.013336
161412,0,0.005020
161421,0,0.029240
161423,0,0.117852
161426,0,0.020183
161427,1,0.654626
161430,0,0.037325
161431,0,0.179300
161436,0,0.004429
161437,0,0.160025
161438,0,0.192704
161439,0,0.001521
161440,0,0.011518
161441,0,0.219602
161442,0,0.109776
161445,0,0.011096
161449,0,0.078205
161455,0,0.145563
161461,0,0.142982
161462,0,0.023319
161463,0,0.019403
161464,0,0.022809
161466,0,0.022729
161470,0,0.068268
161471,0,0.074193
161473,1,0.348442
161480,0,0.010349
161487,0,0.128697
161488,1,0.368684
161491,0,0.031050
161492,1,0.684007
161496,0,0.001562
161499,0,0.006832
161502,1,0.512258
161507,0,0.308258
161508,1,0.459477
161510,0,0.133576
161513,1,0.532789
161514,0,0.068311
161522,0,0.009983
161523,0,0.008131
161524,0,0.173464
161525,0,0.047626
161526,0,0.013089
161529,1,0.478051
161530,0,0.013419
161537,0,0.044361
161538,0,0.009784
161539,0,0.089637
161543,0,0.016474
161544,0,0.095417
161546,0,0.118972
161555,0,0.177631
161558,0,0.018506
161560,0,0.102383
161563,0,0.009584
161564,0,0.100479
161570,1,0.498974
161573,0,0.053202
161575,1,0.724088
161576,0,0.008882
161578,0,0.001000
161581,0,0.008826
161582,1,0.431528
161586,0,0.068503
161589,0,0.098159
161591,0,0.017627
161593,0,0.005849
161598,0,0.003200
161599,0,0.160199
161601,0,0.001970
161606,0,0.116421
161607,1,0.334014
161609,0,0.007066
161612,0,0.046560
161613,0,0.004871
161614,0,0.089862
161615,0,0.057273
161616,0,0.012159
161618,0,0.095353
161621,0,0.199314
161622,0,0.015053
161623,0,0.001542
161625,0,0.073818
161626,0,0.001000
161629,0,0.171101
161630,0,0.016238
161631,0,0.033540
161634,0,0.181513
161635,0,0.052792
161645,0,0.004451
161646,0,0.147955
161648,0,0.036934
161651,0,0.009607
161652,0,0.144061
161656,0,0.004525
161657,0,0.019808
161658,1,0.653005
161659,1,0.414303
161662,1,0.464058
161665,0,0.002035
161668,0,0.155159
161670,1,0.596952
161671,0,0.153383
161674,0,0.311744
161677,0,0.156227
161678,0,0.099147
161679,0,0.177702
161681,0,0.148686
161682,0,0.204189
161683,0,0.001802
161684,1,0.592069
161685,0,0.128375
161686,0,0.303423
161692,0,0.043366
161693,0,0.032985
161695,0,0.017182
161696,0,0.041628
161697,0,0.169106
161698,0,0.002050
161702,0,0.027188
161705,0,0.002934
161708,1,0.537524
161709,0,0.130598
161713,0,0.031525
161714,0,0.035811
161715,0,0.016512
161716,0,0.062567
161717,0,0.075460
161718,0,0.158326
161720,0,0.008842
161725,0,0.015408
161729,0,0.149799
161730,1,0.490885
161732,1,0.462952
161733,1,0.369171
161734,0,0.181557
161738,0,0.009843
161741,0,0.012006
161746,0,0.005439
161747,0,0.176703
161751,0,0.050582
161755,0,0.070028
161757,0,0.086834
161759,1,0.325037
161763,0,0.014002
161764,0,0.021304
161766,0,0.011438
161767,0,0.158890
161770,0,0.183112
161772,0,0.036207
161773,0,0.036520
161774,0,0.239593
161781,0,0.001036
161783,1,0.604345
161784,0,0.013292
161786,0,0.071917
161788,0,0.016078
161789,1,0.583949
161791,1,0.532051
161794,0,0.152012
161799,0,0.178459
161801,0,0.270237
161804,0,0.072681
161806,0,0.121122
161811,0,0.043801
161813,0,0.059258
161816,0,0.306968
161822,0,0.029697
161823,0,0.001603
161824,0,0.098329
161825,0,0.051540
161826,0,0.028015
161831,0,0.057840
161834,1,0.900183
161835,0,0.001116
161840,0,0.007692
161843,0,0.149292
161845,0,0.192822
161853,0,0.012852
161854,0,0.134543
161855,0,0.133400
161858,0,0.056386
161862,0,0.005695
161871,0,0.005926
161873,0,0.079094
161875,0,0.017254
161876,0,0.006785
161878,0,0.251621
161879,0,0.141361
161881,0,0.125980
161882,0,0.052107
161884,1,0.587133
161886,0,0.155423
161892,1,0.326084
161894,0,0.017290
161895,0,0.078018
161896,0,0.012771
161899,1,0.519729
161900,0,0.245744
161902,0,0.013414
161908,0,0.115761
161912,0,0.038642
161913,0,0.015510
161915,0,0.085155
161920,1,0.817175
161921,0,0.001000
161922,0,0.093208
161925,0,0.022133
161926,1,0.447816
161934,0,0.006736
161940,0,0.001000
161947,1,0.392675
161951,0,0.043155
161952,1,0.679939
161954,0,0.001171
161955,0,0.003310
161962,0,0.229936
161963,0,0.048957
161965,0,0.011838
161966,0,0.143046
161968,0,0.005201
161974,0,0.026358
161976,0,0.018212
161977,0,0.033931
161985,0,0.078258
161990,0,0.037760
161993,1,0.626030
161997,0,0.006486
162000,0,0.007489
162002,0,0.006526
162004,0,0.070843
162005,1,0.549116
162007,0,0.005005
162008,0,0.021863
162010,1,0.829916
162015,1,0.345398
162019,0,0.092091
162020,0,0.250743
162023,1,0.548404
162024,0,0.005089
162026,0,0.024641
162028,0,0.017101
162030,0,0.013356
162031,0,0.067395
162035,0,0.039631
162036,0,0.077089
162040,0,0.016517
162043,0,0.199940
162045,0,0.277857
162046,0,0.164694
162047,0,0.002851
162048,0,0.082374
162053,0,0.007228
162054,1,0.350228
162058,1,0.466111
162069,0,0.291201
162072,1,0.322195
162074,0,0.060521
162075,0,0.293049
162079,0,0.212670
162080,1,0.681544
162082,0,0.208561
162083,0,0.016241
162086,0,0.223946
162087,0,0.025713
162090,0,0.044861
162091,0,0.193656
162092,0,0.097379
162096,0,0.177698
162098,0,0.134498
162099,0,0.012241
162102,1,0.418531
162107,0,0.091570
162108,0,0.077373
162109,0,0.009447
162110,1,0.497847
162115,1,0.535205
162120,0,0.020221
162121,0,0.197435
162126,0,0.021535
162127,0,0.261847
162130,0,0.004772
162131,0,0.005999
162133,0,0.004836
162135,0,0.004996
162137,0,0.004174
162139,0,0.195158
162141,0,0.066574
162143,1,0.465201
162149,0,0.090235
162154,0,0.158265
162158,0,0.191211
162161,1,0.490608
162166,0,0.046602
162169,0,0.001480
162170,1,0.415305
162172,0,0.020767
162175,0,0.004557
162177,1,0.426933
162178,0,0.025133
162179,0,0.018122
162180,0,0.118690
162181,0,0.116157
162183,0,0.066358
162184,0,0.003995
162186,0,0.297973
162190,0,0.005475
162192,0,0.012847
162193,0,0.012903
162194,0,0.007748
162197,0,0.006394
162203,0,0.004544
162204,0,0.039619
162205,0,0.038953
162207,0,0.012859
162208,1,0.565325
162209,0,0.114444
162210,0,0.019210
162212,0,0.003927
162213,0,0.004874
162215,0,0.045519
162219,0,0.040699
162220,0,0.117662
162223,0,0.011160
162227,0,0.022726
162228,0,0.044468
162229,0,0.007495
162231,0,0.011080
162234,0,0.004155
162239,1,0.469777
162240,0,0.070701
162242,0,0.188159
162243,0,0.095824
162247,0,0.091985
162248,0,0.012647
162249,0,0.013795
162252,0,0.003807
162253,0,0.222139
162256,0,0.017693
162258,0,0.010022
162267,0,0.002982
162269,0,0.060818
162270,0,0.233605
162273,0,0.047049
162275,0,0.012681
162276,0,0.038431
162279,0,0.025529
162282,0,0.118167
162287,0,0.031875
162290,0,0.151784
162291,0,0.103067
162292,0,0.006513
162293,0,0.015096
162294,0,0.008561
162295,1,0.436148
162298,0,0.029262
162302,0,0.008687
162304,0,0.050174
162307,0,0.109570
162311,0,0.071325
162312,0,0.051328
162316,0,0.199628
162317,0,0.013048
162319,0,0.255813
162320,0,0.033539
162323,0,0.003425
162325,0,0.013007
162326,0,0.022526
162329,1,0.846160
162330,0,0.073934
162345,0,0.037735
162346,0,0.033999
162347,0,0.080850
162348,0,0.139532
162349,0,0.040592
162353,0,0.021274
162354,0,0.258737
162355,0,0.005766
162356,0,0.036313
162359,1,0.702272
162360,1,0.324467
162361,0,0.020860
162365,0,0.107145
162367,1,0.391502
162368,1,0.686283
162372,0,0.041807
162373,1,0.558065
162376,1,0.396486
162377,0,0.186955
162380,0,0.009377
162383,0,0.006223
162384,1,0.341486
162389,1,0.326496
162390,0,0.005137
162393,0,0.014608
162394,0,0.011686
162399,1,0.742402
162402,0,0.100775
162404,0,0.013725
162409,0,0.140840
162410,0,0.010430
162411,0,0.030280
162419,0,0.038989
162420,0,0.021632
162422,0,0.113959
162423,0,0.300089
162424,0,0.083626
162427,1,0.565426
162428,0,0.026532
162430,0,0.008114
162431,0,0.093492
162432,0,0.013885
162434,0,0.141014
162435,1,0.509189
162437,0,0.022166
162439,0,0.075516
162440,0,0.043417
162443,1,0.650498
162446,0,0.007522
162454,1,0.710934
162456,0,0.089635
162459,0,0.009899
162462,0,0.005215
162463,0,0.030936
162464,0,0.050956
162467,0,0.018641
162470,0,0.004241
162473,0,0.001881
162479,0,0.159802
162482,0,0.197190
162483,0,0.029902
162484,1,0.390198
162489,0,0.286221
162492,0,0.030733
162493,0,0.099081
162494,0,0.028936
162498,0,0.024645
162499,0,0.004935
162502,0,0.004374
162508,0,0.051177
162512,0,0.006777
162514,0,0.022888
162515,0,0.313931
162517,0,0.016069
162524,0,0.022763
162525,1,0.707185
162526,0,0.006676
162527,0,0.033291
162529,0,0.153157
162536,0,0.095001
162538,1,0.875168
162540,0,0.049810
162541,1,0.361193
162542,1,0.682371
162547,1,0.592997
162548,0,0.061724
162550,0,0.011768
162553,0,0.033493
162558,0,0.015925
162559,0,0.029692
162561,0,0.109112
162562,0,0.022529
162565,0,0.227231
162567,0,0.003448
162569,0,0.163953
162570,0,0.012462
162572,0,0.041390
162573,0,0.011568
162574,0,0.155523
162584,0,0.185359
162587,1,0.375830
162588,0,0.001000
162589,1,0.341338
162592,0,0.033503
162595,0,0.021752
162597,0,0.016410
162598,0,0.003196
162599,0,0.146966
162600,1,0.540424
162603,0,0.124054
162604,0,0.008237
162606,0,0.033440
162607,0,0.014624
162609,0,0.064525
162610,0,0.039213
162611,0,0.004060
162613,0,0.011164
162617,0,0.033174
162622,0,0.024500
162626,0,0.030135
162627,0,0.111939
162628,0,0.069784
162629,0,0.262615
162630,0,0.043277
162632,0,0.002492
162635,0,0.017076
162637,1,0.322399
162641,0,0.006903
162642,0,0.290958
162645,0,0.013671
162651,0,0.077900
162653,1,0.635813
162655,0,0.020636
162657,0,0.025952
162659,0,0.003638
162660,1,0.432477
162661,0,0.001538
162663,1,0.417101
162665,0,0.014019
162669,0,0.006992
162671,0,0.261491
162673,0,0.070278
162674,0,0.002242
162676,0,0.091107
162678,0,0.146845
162679,0,0.007170
162689,0,0.015601
162691,1,0.518098
162693,0,0.009252
162697,0,0.067404
162701,0,0.129236
162703,0,0.016793
162704,0,0.205196
162706,0,0.047133
162707,0,0.005280
162709,1,0.398750
162711,1,0.338848
162712,0,0.005599
162713,0,0.075275
162714,0,0.035649
162717,1,0.503342
162722,0,0.030864
162724,0,0.003351
162725,0,0.005807
162727,0,0.103364
162728,0,0.142524
162729,0,0.003768
162735,0,0.014165
162736,1,0.674978
162748,0,0.001000
162750,0,0.104395
162751,0,0.303299
162754,0,0.057173
162757,0,0.001658
162760,0,0.026642
162762,0,0.012611
162763,1,0.435688
162764,1,0.508342
162766,0,0.091922
162769,0,0.151661
162770,0,0.030062
162774,0,0.013634
162776,0,0.294628
162777,0,0.092592
162780,1,0.932497
162783,0,0.047748
162785,0,0.035983
162787,0,0.009772
162788,0,0.003074
162789,0,0.018080
162791,0,0.038099
162801,0,0.017128
162814,0,0.036571
162816,0,0.005823
162817,0,0.004017
162818,0,0.091408
162824,0,0.075548
162836,0,0.054822
162840,0,0.051912
162842,0,0.003494
162843,0,0.021769
162844,0,0.294882
162848,0,0.089177
162849,1,0.804794
162851,0,0.002334
162855,0,0.072858
162856,0,0.088507
162859,0,0.217663
162860,0,0.005262
162861,0,0.020926
162863,0,0.100022
162870,0,0.050026
162872,1,0.888707
162873,0,0.001000
162874,0,0.126573
162875,0,0.190581
162880,0,0.094437
162881,0,0.001899
162882,1,0.482783
162883,0,0.059235
162884,0,0.019272
162886,0,0.119691
162889,0,0.003673
162893,0,0.132422
162899,0,0.003245
162901,0,0.058992
162903,0,0.013471
162905,0,0.038818
162907,0,0.075027
162909,0,0.279486
162912,1,0.334327
162915,0,0.052993
162918,0,0.032398
162923,0,0.001000
162926,0,0.011827
162927,0,0.201909
162929,0,0.002696
162933,1,0.379834
162938,1,0.347253
162941,0,0.077751
162942,0,0.005314
162944,0,0.008044
162946,0,0.010594
162949,0,0.006144
162952,0,0.048476
162955,0,0.001548
162956,1,0.514878
162958,0,0.091304
162971,0,0.012680
162976,1,0.354367
162980,0,0.061136
162981,0,0.137216
162983,1,0.453550
162987,0,0.004548
162989,1,0.378674
162990,0,0.041386
162991,0,0.005176
162995,1,0.526683
162996,0,0.117511
162999,1,0.669765
163002,0,0.124948
163003,0,0.128381
163007,0,0.004445
163008,0,0.005070
163013,0,0.151211
163016,0,0.111007
163017,0,0.125790
163021,0,0.018727
163027,0,0.037581
163029,0,0.074193
163033,0,0.009872
163034,0,0.025134
163035,1,0.612872
163037,0,0.100657
