142675,0,0.249076
142676,0,0.017423
142680,0,0.229347
142683,0,0.138742
142688,0,0.017726
142690,0,0.088686
142691,0,0.272237
142692,0,0.030737
142693,1,0.327738
142694,0,0.037033
142697,0,0.275273
142698,0,0.020810
142700,1,0.461746
142702,1,0.565085
142704,0,0.057271
142705,0,0.005707
142706,0,0.010039
142708,0,0.131256
142710,0,0.279901
142711,0,0.197977
142713,0,0.196891
142715,0,0.058787
142720,0,0.308886
142721,0,0.049918
142725,0,0.073289
142726,0,0.042355
142727,1,0.802839
142730,0,0.108860
142731,0,0.013601
142732,0,0.018492
142734,0,0.158162
142736,0,0.007719
142740,0,0.025611
142748,0,0.075891
142753,0,0.014834
142759,0,0.015862
142761,0,0.017578
142764,0,0.269281
142769,0,0.025491
142772,0,0.005518
142777,1,0.589838
142781,0,0.043560
142782,0,0.013208
142783,0,0.021190
142785,0,0.188173
142788,0,0.200694
142789,0,0.007124
142790,1,0.563834
142793,0,0.100317
142794,0,0.026119
142795,0,0.059769
142803,0,0.200233
142804,0,0.025609
142806,0,0.017594
142812,0,0.098037
142814,1,0.766540
142815,0,0.037477
142824,0,0.114160
142825,0,0.022495
142826,0,0.069454
142831,0,0.005877
142832,0,0.207721
142834,0,0.028606
142835,0,0.007682
142836,0,0.007880
142839,0,0.041678
142841,1,0.423061
142842,0,0.013807
142850,0,0.305683
142851,0,0.127440
142853,0,0.177677
142854,0,0.036361
142856,0,0.305447
142860,0,0.282257
142861,0,0.105241
142862,0,0.107764
142863,0,0.276595
142864,0,0.064330
142866,0,0.034576
142867,0,0.010258
142869,0,0.214707
142870,0,0.100303
142871,0,0.100037
142872,0,0.035419
142873,0,0.317155
142874,0,0.006234
142875,0,0.238804
142878,0,0.032950
142879,0,0.101250
142881,0,0.027983
142883,0,0.126129
142886,0,0.015153
142892,0,0.067103
142894,0,0.022605
142895,0,0.011816
142903,0,0.116823
142905,0,0.030482
142906,0,0.073776
142911,0,0.014765
142913,0,0.213627
142914,0,0.039529
142915,0,0.041388
142917,0,0.035711
142921,0,0.025118
142938,0,0.104147
142939,0,0.036950
142941,0,0.011770
142942,0,0.024694
142944,0,0.006060
142945,0,0.041539
142947,0,0.042233
142951,0,0.012339
142952,0,0.053604
142961,0,0.006302
142962,1,0.414703
142964,0,0.050532
142965,0,0.014986
142970,0,0.149057
142971,0,0.074618
142976,0,0.016646
142980,1,0.674178
142985,0,0.007755
142987,0,0.016047
142991,0,0.059161
142992,0,0.008124
142993,1,0.822539
142994,0,0.031672
142997,0,0.073036
142998,0,0.012280
143000,0,0.021757
143001,1,0.401878
143003,0,0.026849
143005,0,0.209937
143006,0,0.094050
143007,0,0.093406
143010,1,0.495033
143018,0,0.008410
143020,0,0.064769
143023,0,0.012055
143024,0,0.074770
143025,0,0.006870
143026,0,0.030466
143027,1,0.553121
143029,0,0.009517
143030,1,0.406175
143038,0,0.062411
143039,0,0.009034
143040,0,0.150032
143043,0,0.035642
143047,0,0.086156
143049,0,0.028329
143053,0,0.008694
143055,0,0.012848
143058,1,0.553756
143061,1,0.485041
143062,0,0.088430
143063,1,0.378557
143064,0,0.006187
143065,0,0.122929
143067,0,0.043090
143071,1,0.579784
143073,0,0.068159
143077,0,0.009005
143078,0,0.064553
143086,0,0.152905
143092,0,0.028826
143093,0,0.053371
143094,0,0.018885
143095,0,0.251043
143096,0,0.053598
143099,0,0.014513
143101,0,0.240504
143105,0,0.040275
143106,0,0.004695
143112,0,0.015821
143120,0,0.077519
143126,0,0.008616
143127,0,0.008634
143132,0,0.127966
143133,0,0.073500
143134,1,0.365025
143137,0,0.021349
143138,0,0.167970
143140,0,0.027242
143144,0,0.219938
143145,0,0.006234
143147,0,0.135639
143148,0,0.082633
143149,1,0.428040
143160,0,0.045110
143163,0,0.013433
143177,0,0.143852
143180,0,0.017917
143182,1,0.344951
143186,0,0.128354
143187,0,0.013685
143189,0,0.090104
143190,0,0.017522
143192,0,0.007516
143194,0,0.035137
143195,0,0.062923
143196,0,0.021210
143197,0,0.007835
143199,0,0.042131
143200,0,0.254153
143203,0,0.277993
143209,0,0.020420
143216,0,0.157066
143221,0,0.186549
143224,0,0.032284
143227,0,0.019566
143229,0,0.051018
143230,0,0.063009
143232,0,0.022157
143233,0,0.244869
143234,0,0.059563
143235,0,0.005919
143236,1,0.349913
143239,0,0.148829
143240,0,0.135518
143245,0,0.133736
143247,0,0.241943
143248,0,0.011778
143249,0,0.008776
143250,0,0.023911
143252,0,0.234602
143255,0,0.016724
143257,0,0.013114
143258,1,0.468048
143260,0,0.014775
143261,1,0.332454
143262,0,0.230721
143264,0,0.053520
143267,0,0.015222
143273,0,0.047542
143274,0,0.031954
143276,0,0.010646
143281,0,0.160559
143282,0,0.084706
143284,0,0.101124
143287,0,0.033548
143289,0,0.092159
143290,0,0.009997
143291,0,0.018967
143293,0,0.004491
143294,0,0.118919
143295,0,0.146657
143296,0,0.081101
143298,1,0.354779
143305,0,0.047329
143306,0,0.059685
143307,0,0.056735
143308,0,0.018862
143310,0,0.125181
143311,0,0.116085
143313,1,0.632347
143315,0,0.147103
143316,1,0.450430
143320,0,0.016590
143325,0,0.006193
143326,0,0.012616
143329,0,0.088747
143333,0,0.005105
143334,0,0.216751
143335,0,0.016998
143336,1,0.790833
143339,1,0.489877
143341,0,0.020980
143342,1,0.605046
143344,0,0.010835
143348,0,0.057073
143355,1,0.658059
143357,0,0.135226
143358,1,0.608549
143359,0,0.108127
143361,0,0.046705
143362,1,0.429061
143364,0,0.296617
143365,0,0.319287
143366,0,0.033649
143367,0,0.157227
143368,0,0.107201
143369,0,0.077929
143370,0,0.004321
143371,0,0.185747
143372,1,0.786209
143374,0,0.049042
143375,1,0.558317
143379,1,0.418762
143387,1,0.424135
143389,0,0.021604
143391,0,0.066859
143396,0,0.267234
143397,0,0.022584
143401,0,0.030254
143403,1,0.370338
143404,1,0.813610
143410,0,0.077476
143411,0,0.017226
143413,0,0.146415
143416,0,0.020910
143421,0,0.010622
143423,0,0.066109
143428,0,0.036314
143432,0,0.013543
143435,0,0.222898
143438,0,0.017274
143439,1,0.516026
143441,1,0.574129
143443,0,0.038897
143447,1,0.390844
143448,0,0.009318
143450,0,0.004979
143451,0,0.012076
143453,0,0.007793
143455,0,0.170849
143456,0,0.050271
143457,0,0.044715
143458,0,0.010130
143459,0,0.049199
143460,0,0.076992
143462,0,0.026369
143463,0,0.108369
143464,0,0.032508
143467,0,0.061523
143468,1,0.326505
143471,0,0.024344
143476,0,0.041723
143477,0,0.112576
143479,0,0.028155
143481,0,0.208463
143484,0,0.032283
143485,0,0.009702
143490,0,0.106448
143491,0,0.043377
143492,1,0.440416
143493,0,0.043501
143499,0,0.199273
143502,0,0.026338
143503,0,0.086533
143505,0,0.110756
143513,0,0.157009
143514,0,0.045986
143515,0,0.131673
143517,0,0.135599
143519,0,0.012149
143522,0,0.127860
143525,0,0.067214
143527,0,0.110955
143530,1,0.555565
143533,0,0.139333
143539,0,0.021726
143540,0,0.086895
143541,1,0.652805
143543,0,0.078280
143544,0,0.037150
143548,0,0.029754
143554,0,0.022041
143555,0,0.052159
143559,1,0.359940
143560,0,0.147406
143564,0,0.231754
143565,0,0.033179
143567,0,0.053720
143569,0,0.182811
143571,0,0.005110
143572,0,0.184293
143575,0,0.118083
143576,0,0.068512
143577,1,0.523367
143579,0,0.310732
143581,0,0.010517
143585,0,0.017350
143588,0,0.009424
143589,0,0.045023
143591,0,0.085620
143595,1,0.699255
143598,1,0.359835
143602,1,0.572388
143607,0,0.143253
143610,0,0.082829
143616,0,0.201197
143620,0,0.011131
143622,0,0.254887
143626,0,0.060605
143627,0,0.144777
143632,0,0.063353
143635,1,0.731707
143637,0,0.015922
143638,0,0.084809
143641,0,0.010391
143642,0,0.073890
143644,0,0.068146
143646,0,0.041064
143647,0,0.007364
143649,0,0.262589
143656,0,0.012125
143657,0,0.008208
143658,0,0.099650
143660,1,0.401583
143662,0,0.015884
143663,0,0.143867
143666,1,0.631542
143667,1,0.328820
143668,0,0.010295
143670,0,0.157802
143671,0,0.032256
143672,0,0.007778
143674,0,0.016458
143676,0,0.006373
143677,0,0.258769
143679,0,0.004537
143682,0,0.025431
143685,0,0.019674
143686,0,0.173224
143691,0,0.280284
143696,1,0.354726
143697,1,0.360546
143699,0,0.322005
143702,0,0.005321
143704,0,0.036884
143708,0,0.012052
143709,0,0.005477
143710,0,0.280634
143713,0,0.017534
143716,0,0.016158
143717,0,0.008363
143723,0,0.007300
143725,0,0.007744
143726,0,0.066879
143727,0,0.014048
143735,0,0.009541
143737,0,0.128336
143740,0,0.012898
143743,0,0.100140
143744,0,0.099948
143746,0,0.007853
143747,0,0.060923
143748,0,0.117458
143749,0,0.033019
143751,0,0.071083
143752,0,0.087691
143764,0,0.006029
143765,1,0.593186
143767,0,0.202480
143774,0,0.047240
143775,0,0.006316
143777,0,0.125802
143779,0,0.039433
143784,0,0.019921
143785,0,0.189199
143788,0,0.004424
143793,0,0.126086
143794,1,0.762574
143795,0,0.227541
143799,1,0.693078
143801,1,0.397065
143804,0,0.018059
143805,0,0.048116
143809,0,0.025654
143812,0,0.032213
143813,0,0.007845
143820,0,0.009927
143829,0,0.012789
143832,0,0.259069
143836,0,0.010856
143838,0,0.074874
143840,0,0.008672
143844,0,0.066171
143849,1,0.680270
143850,0,0.069321
143857,1,0.357011
143859,1,0.753996
143860,0,0.009302
143861,1,0.582372
143864,0,0.078241
143865,1,0.417682
143866,0,0.041625
143867,0,0.009434
143868,0,0.013404
143873,0,0.008952
143874,0,0.003802
143877,0,0.029497
143879,0,0.032491
143880,1,0.353731
143886,0,0.078511
143888,0,0.311269
143891,0,0.013467
143895,1,0.493002
143896,0,0.242200
143897,1,0.666536
143902,0,0.040042
143904,0,0.027464
143907,0,0.032230
143908,1,0.339609
143909,0,0.090591
143915,0,0.228284
143916,1,0.595925
143919,0,0.209256
143920,0,0.028409
143921,0,0.123698
143922,0,0.032448
143927,0,0.047416
143931,0,0.009602
143934,0,0.247270
143936,0,0.014982
143937,0,0.080830
143938,0,0.018339
143940,0,0.006485
143943,0,0.027925
143946,0,0.017808
143947,0,0.003198
143957,1,0.737636
143958,0,0.046086
143962,0,0.049186
143964,0,0.021459
143966,0,0.093822
143967,0,0.076216
143969,0,0.053854
143976,0,0.225764
143983,0,0.008947
143985,1,0.328030
143986,0,0.054319
143988,0,0.134191
143990,0,0.022814
143991,0,0.010157
143996,0,0.045592
143999,0,0.218774
144000,0,0.054558
144008,0,0.011063
144009,0,0.038212
144010,0,0.009102
144012,0,0.030907
144014,0,0.078522
144015,0,0.044510
144017,0,0.040424
144019,1,0.759338
144022,0,0.016547
144024,0,0.060410
144025,1,0.407736
144026,0,0.029411
144031,1,0.441027
144034,0,0.020926
144036,0,0.007300
144042,0,0.007047
144043,0,0.243933
144046,0,0.028713
144047,1,0.379713
144049,0,0.140052
144051,0,0.148463
144052,0,0.020539
144053,0,0.019493
144054,0,0.068703
144056,0,0.068661
144063,0,0.195389
144064,0,0.073829
144065,0,0.112763
144068,0,0.017742
144069,0,0.139508
144071,0,0.009630
144072,0,0.023527
144073,0,0.006483
144074,0,0.076469
144075,0,0.007891
144077,0,0.002564
144078,1,0.329143
144079,0,0.009955
144080,0,0.215613
144081,0,0.085778
144085,0,0.029128
144086,1,0.420986
144091,0,0.051068
144093,0,0.013861
144096,0,0.015919
144097,1,0.403968
144099,0,0.046177
144101,0,0.249823
144102,0,0.040788
144103,0,0.192251
144104,0,0.009040
144107,0,0.056673
144108,0,0.005117
144110,0,0.159364
144111,0,0.018792
144112,1,0.366792
144114,0,0.017318
144115,0,0.006997
144117,1,0.695605
144118,1,0.520475
144121,0,0.013950
144124,0,0.168846
144127,0,0.267314
144128,0,0.010062
144131,0,0.288267
144137,0,0.005778
144139,0,0.248185
144141,0,0.017517
144142,0,0.019361
144146,0,0.062732
144148,0,0.035268
144149,0,0.049009
144150,1,0.341611
144152,0,0.247103
144156,1,0.347888
144157,1,0.507936
144158,1,0.453122
144160,0,0.014823
144162,0,0.077214
144163,0,0.006732
144169,0,0.015940
144174,0,0.039992
144177,0,0.072359
144182,0,0.231145
144183,1,0.445976
144185,0,0.011349
144187,0,0.021588
144188,0,0.062741
144190,0,0.009202
144197,0,0.188393
144202,0,0.028925
144204,0,0.116643
144208,0,0.032211
144211,0,0.007452
144214,0,0.058797
144221,1,0.769181
144222,0,0.019499
144227,1,0.594358
144230,0,0.237412
144233,0,0.051544
144236,0,0.010131
144238,0,0.020005
144241,0,0.024284
144243,1,0.451799
144245,0,0.023396
144247,0,0.017912
144249,0,0.090503
144250,0,0.005205
144251,1,0.489846
144257,0,0.151971
144258,0,0.024790
144260,0,0.010479
144265,0,0.017405
144266,0,0.110159
144268,0,0.033228
144272,0,0.108468
144273,0,0.212708
144274,0,0.016693
144275,1,0.751622
144277,0,0.218186
144284,0,0.012793
144286,1,0.601596
144288,0,0.129910
144291,0,0.008226
144292,0,0.207463
144296,0,0.027251
144308,0,0.161120
144313,0,0.228887
144317,0,0.101145
144318,0,0.046403
144321,0,0.010243
144324,0,0.021714
144325,0,0.104494
144326,0,0.007698
144327,0,0.304918
144328,0,0.005093
144329,0,0.127531
144330,0,0.012661
144333,0,0.006688
144334,1,0.804523
144338,0,0.039138
144339,0,0.199492
144343,0,0.069998
144344,1,0.528178
144345,0,0.030117
144347,0,0.282042
144349,1,0.735222
144351,0,0.068495
144353,0,0.085548
144355,1,0.431275
144359,0,0.008222
144367,0,0.039317
144368,0,0.005953
144369,1,0.709674
144370,0,0.016907
144372,0,0.134709
144375,1,0.437270
144376,0,0.130729
144379,0,0.023554
144381,0,0.015964
144382,0,0.015931
144385,0,0.061696
144389,0,0.068850
144393,0,0.179439
144396,0,0.150340
144397,0,0.030927
144400,0,0.134958
144402,1,0.518632
144404,0,0.085644
144406,0,0.069792
144407,0,0.296555
144408,0,0.097115
144409,1,0.555353
144411,0,0.027761
144415,0,0.078310
144421,0,0.088186
144422,0,0.056671
144423,1,0.607375
144425,0,0.040750
144427,0,0.117529
144429,1,0.483513
144434,1,0.690341
144436,0,0.009254
144437,0,0.037154
144438,0,0.009605
144439,0,0.026536
144441,0,0.234648
144442,0,0.014140
144444,1,0.454277
144445,0,0.149370
144451,0,0.108292
144453,1,0.681455
144454,0,0.043335
144457,0,0.060314
144459,0,0.029899
144462,0,0.062751
144464,0,0.094473
144465,0,0.095973
144466,0,0.006112
144468,0,0.027262
144469,1,0.508449
144476,0,0.136303
144478,0,0.009257
144482,0,0.149129
144484,1,0.429135
144485,0,0.226574
144486,0,0.033136
144487,0,0.238463
144489,0,0.126256
144490,1,0.449758
144494,1,0.442692
144496,0,0.064277
144502,0,0.011617
144503,0,0.094936
144510,0,0.024425
144511,0,0.003532
144516,0,0.056736
144517,0,0.088238
144518,0,0.047702
144522,0,0.248045
144523,0,0.066064
144524,0,0.171335
144525,0,0.019913
144528,0,0.006516
144531,0,0.020430
144536,0,0.049183
144537,0,0.009672
144539,1,0.432440
144543,1,0.506071
144546,1,0.700969
144550,0,0.083810
144551,0,0.015487
144554,0,0.230758
144557,0,0.046728
144560,0,0.004877
144561,0,0.014645
144567,0,0.068895
144568,0,0.140465
144571,0,0.019487
144572,0,0.113973
144574,1,0.371131
144575,0,0.004270
144578,0,0.010194
144579,1,0.363197
144582,0,0.014632
144586,0,0.078001
144594,0,0.009073
144595,0,0.152721
144596,0,0.196537
144597,1,0.567382
144603,0,0.004378
144606,0,0.292226
144612,0,0.030689
144616,0,0.016088
144618,0,0.011398
144622,0,0.029191
144623,0,0.069124
144626,0,0.029632
144627,0,0.110502
144628,0,0.090907
144630,0,0.035117
144631,1,0.429209
144632,0,0.026681
144633,0,0.156590
144635,1,0.493497
144636,0,0.063733
144637,0,0.231041
144638,0,0.066622
144639,0,0.008255
144640,0,0.006375
144646,0,0.015190
144647,0,0.023850
144650,0,0.008171
144651,0,0.004982
144652,1,0.584656
144653,1,0.707771
144654,0,0.011787
144655,1,0.700690
144657,1,0.582775
144658,0,0.095158
144661,0,0.007631
144662,0,0.010009
144664,1,0.373532
144666,0,0.010680
144667,0,0.187530
144669,0,0.268657
144673,0,0.223146
144678,0,0.013113
144679,0,0.035901
144683,0,0.042158
144689,1,0.391488
144692,0,0.217567
144694,1,0.372267
144697,0,0.005738
144698,0,0.016009
144699,1,0.407756
144700,0,0.008360
144701,1,0.393924
144703,1,0.482804
144708,1,0.542587
144709,0,0.014091
144713,0,0.227573
144714,0,0.016644
144715,0,0.025577
144719,0,0.121511
144720,0,0.038567
144724,0,0.078588
144727,0,0.264205
144728,0,0.092232
144730,0,0.016239
144733,0,0.322570
144734,0,0.005338
144735,1,0.519486
144740,0,0.143006
144744,0,0.014866
144750,0,0.067851
144753,0,0.008976
144756,0,0.169001
144757,0,0.028029
144759,0,0.039931
144761,0,0.008767
144764,0,0.005345
144766,0,0.108593
144768,0,0.219813
144771,0,0.020650
144772,1,0.600082
144773,0,0.014713
144777,0,0.103796
144778,0,0.013524
144779,0,0.027325
144781,0,0.005301
144782,0,0.229812
144785,1,0.667437
144786,0,0.012828
144787,0,0.004827
144791,0,0.042734
144792,0,0.038788
144795,0,0.213599
144799,0,0.098078
144801,0,0.116550
144803,0,0.038961
144808,0,0.046207
144809,0,0.050297
144811,0,0.018340
144812,0,0.043817
144814,0,0.066064
144818,0,0.108095
144820,0,0.107427
144821,0,0.005174
144824,0,0.008644
144828,1,0.427458
144829,0,0.032739
144830,0,0.010651
144832,0,0.063326
144835,0,0.236694
144836,0,0.067688
144838,0,0.012469
144839,0,0.038787
144841,0,0.233974
144843,0,0.040040
144844,0,0.055615
144852,0,0.144386
144853,0,0.014276
144856,0,0.311348
144857,0,0.004348
144858,0,0.093227
144860,0,0.279971
144861,0,0.018589
144864,0,0.066279
144868,0,0.014086
144869,0,0.088336
144871,0,0.292995
144877,0,0.023248
144879,0,0.086124
144880,0,0.124436
144882,0,0.044196
144884,0,0.059863
144885,0,0.026565
144891,0,0.118730
144893,0,0.305805
144895,0,0.063712
144896,1,0.500646
144899,0,0.039602
144904,0,0.021239
144908,0,0.302725
144910,1,0.478925
144911,0,0.021341
144918,0,0.017567
144923,0,0.103870
144924,0,0.029517
144927,0,0.206069
144928,0,0.003518
144929,0,0.178541
144930,0,0.068076
144932,0,0.291111
144937,0,0.251372
144938,0,0.048753
144939,0,0.155106
144943,0,0.124265
144946,0,0.156131
144947,0,0.041095
144950,0,0.013250
144951,0,0.016331
144954,0,0.072141
144956,0,0.006602
144963,0,0.194656
144964,0,0.035604
144965,0,0.016964
144967,0,0.119242
144973,0,0.098745
144975,0,0.127295
144979,1,0.433463
144981,0,0.133120
144984,0,0.049036
144987,0,0.140759
144989,0,0.179085
144990,0,0.032406
144991,0,0.060082
144995,0,0.107033
144997,1,0.368892
144999,0,0.013906
145000,0,0.009485
145003,0,0.014867
145012,0,0.266633
145013,0,0.005137
145016,0,0.048363
145021,0,0.049266
145028,0,0.015258
145032,0,0.062749
145039,0,0.018939
145041,1,0.414564
145042,0,0.012537
145047,0,0.159515
145050,0,0.042893
145060,0,0.007789
145067,0,0.123707
145068,0,0.006529
145070,0,0.014714
145072,0,0.088090
145073,0,0.056489
145076,1,0.487366
145079,0,0.031826
145088,0,0.182752
145089,1,0.543500
145092,0,0.056870
145093,0,0.171727
145095,0,0.009047
145096,0,0.285102
145097,0,0.124589
145098,1,0.752547
145104,0,0.008019
145107,0,0.010889
145110,1,0.618326
145111,0,0.005145
145112,1,0.494735
145115,0,0.006048
145122,0,0.044024
145124,0,0.036004
145130,0,0.125659
145131,0,0.028358
145133,1,0.657394
145134,1,0.460964
145135,1,0.663475
145141,0,0.005929
145142,0,0.056865
145143,0,0.169588
145146,1,0.531940
145148,0,0.123087
145152,0,0.144611
145153,1,0.366901
145155,0,0.144980
145158,0,0.128282
145160,0,0.073272
145161,0,0.034407
145167,0,0.149175
145172,0,0.212607
145179,0,0.016982
145181,0,0.107091
145183,0,0.077060
145184,1,0.703728
145185,0,0.004765
145189,0,0.050301
145195,0,0.070611
145202,0,0.116675
145205,0,0.089271
145211,1,0.350994
145214,0,0.008060
145216,0,0.193078
145220,0,0.006978
145222,0,0.085607
145224,0,0.103550
145229,0,0.108930
145237,0,0.039872
145238,0,0.015578
145242,0,0.030678
145248,0,0.040798
145249,0,0.038993
145252,0,0.033508
145253,0,0.027797
145256,0,0.028701
145259,0,0.015133
145266,0,0.005568
145267,1,0.501872
145269,0,0.139333
145272,0,0.304777
145273,0,0.059636
145275,1,0.511561
145276,0,0.004231
145277,0,0.093032
145279,0,0.215979
145280,1,0.406129
145282,0,0.014603
145285,0,0.014953
145286,0,0.019701
145287,0,0.009543
145289,0,0.028291
145290,1,0.344653
145291,0,0.195057
145296,0,0.005637
145297,0,0.022964
145302,1,0.332486
145311,0,0.008360
145312,0,0.012166
145314,0,0.146641
145320,0,0.008849
145322,0,0.008982
145324,0,0.010456
145325,0,0.011701
145326,1,0.662782
145327,1,0.408976
145328,0,0.012665
145329,0,0.067762
145330,0,0.030284
145331,0,0.032254
145335,0,0.039288
145343,0,0.019639
145355,0,0.011420
145357,1,0.656306
145360,0,0.220199
145361,1,0.487662
145363,0,0.049484
145364,0,0.102695
145365,1,0.706027
145366,1,0.774213
145368,0,0.101759
145378,1,0.368903
145379,0,0.014422
145380,0,0.138754
145381,0,0.063370
145382,0,0.022217
145384,0,0.019145
145385,0,0.028371
145387,1,0.360308
145390,0,0.007590
145392,1,0.514093
145402,0,0.207209
145414,0,0.045587
145418,0,0.167599
145420,1,0.474485
145422,0,0.176692
145427,0,0.039308
145428,0,0.097885
145429,1,0.340812
145431,0,0.176307
145433,0,0.245540
145434,0,0.007696
145435,0,0.117530
145436,1,0.828353
145437,0,0.100336
145439,0,0.048151
145442,1,0.372143
145445,0,0.008460
145447,0,0.120514
145448,0,0.028136
145455,0,0.011480
145456,0,0.062875
145458,0,0.022038
145459,0,0.021980
145463,1,0.449828
145466,1,0.368766
145468,0,0.007879
145477,0,0.023065
145479,0,0.051190
145483,0,0.199358
145484,0,0.109510
145488,0,0.025990
145491,0,0.009783
145498,0,0.019785
145502,0,0.011874
145512,0,0.106670
145513,0,0.008391
145518,0,0.065393
145519,0,0.056035
145522,0,0.015965
145524,0,0.036008
145530,0,0.014490
145531,0,0.160386
145533,0,0.288426
145537,0,0.119744
145541,1,0.672409
145543,0,0.010416
145544,1,0.664248
145548,1,0.398488
145549,0,0.014864
145550,0,0.027276
145559,0,0.170504
145562,1,0.566075
145563,0,0.008212
145567,0,0.241047
145568,0,0.045716
145570,0,0.183525
145571,0,0.008324
145576,0,0.173276
145577,0,0.081993
145579,0,0.057564
145580,0,0.033949
145583,0,0.014404
145584,0,0.195527
145591,0,0.015880
145592,0,0.284319
145594,0,0.193686
145595,1,0.446270
145597,0,0.008156
145598,0,0.012845
145600,1,0.357277
145603,0,0.009465
145604,0,0.005683
145608,0,0.044777
145610,0,0.050011
145611,0,0.013134
145614,1,0.419324
145620,1,0.380921
145621,0,0.084264
145624,0,0.153663
145626,1,0.540685
145629,0,0.154491
145632,0,0.187792
145637,0,0.004005
145640,0,0.051925
145641,0,0.016724
145642,0,0.275130
145643,0,0.026320
145648,1,0.836066
145654,0,0.056990
145656,1,0.389175
145657,0,0.038478
145659,0,0.231065
145660,0,0.083035
145662,0,0.064009
145663,0,0.038515
145669,0,0.052826
145670,0,0.016455
145675,0,0.018042
145677,0,0.169081
145680,0,0.169311
145681,0,0.120566
145682,1,0.749756
145689,0,0.031647
145690,0,0.177985
145691,0,0.015878
145692,0,0.021641
145693,0,0.019372
145694,0,0.094820
145695,0,0.268138
145696,0,0.036644
145697,0,0.127184
145698,0,0.009781
145701,1,0.531042
145703,0,0.230053
145706,0,0.053989
145713,0,0.012065
145717,0,0.038993
145723,0,0.046337
145726,0,0.043725
145729,0,0.102256
145734,0,0.017854
145736,0,0.062629
145742,0,0.037788
145744,1,0.681198
145745,1,0.391149
145748,0,0.050127
145755,0,0.068089
145757,0,0.073452
145762,0,0.130307
145764,0,0.022975
145769,0,0.009654
145770,0,0.060055
145771,0,0.015305
145774,1,0.519348
145782,0,0.031021
145784,1,0.543969
145785,0,0.180054
145786,0,0.021016
145789,1,0.645093
145795,0,0.124997
145796,0,0.008325
145799,0,0.046665
145801,0,0.053377
145802,1,0.503623
145803,0,0.013893
145807,0,0.155152
145810,0,0.111164
145811,0,0.061477
145812,1,0.688510
145815,0,0.020977
145820,0,0.041619
145823,1,0.673457
145824,0,0.207742
145834,0,0.060465
145836,0,0.080839
145839,1,0.579061
145840,1,0.571807
145844,0,0.306995
145845,1,0.523250
145848,0,0.148121
145851,1,0.348492
145854,0,0.172578
145858,1,0.338321
145862,0,0.026263
145863,0,0.024155
145864,0,0.097040
145865,1,0.380333
145866,0,0.041195
145877,0,0.060881
145878,0,0.078257
145879,0,0.024882
145882,0,0.059168
145884,0,0.105100
145885,1,0.430583
145887,0,0.014515
145890,0,0.009102
145892,0,0.053404
145895,1,0.566536
145897,0,0.003446
145898,0,0.088197
145899,0,0.015575
145900,0,0.009240
145905,0,0.017121
145906,0,0.034268
145907,0,0.020886
145909,0,0.007595
145911,0,0.003039
145913,0,0.044349
145914,0,0.018975
145917,0,0.083901
145918,0,0.098852
145920,0,0.023699
145926,0,0.074193
145930,1,0.346121
145933,0,0.026305
145938,0,0.007872
145939,0,0.195212
145942,0,0.055005
145946,0,0.017645
145947,0,0.010342
145948,0,0.089481
145950,0,0.122935
145952,0,0.285606
145954,0,0.006273
145957,0,0.093681
145958,0,0.098511
145959,0,0.025837
145962,0,0.073148
145963,1,0.361985
145964,0,0.064211
145972,0,0.103480
145973,0,0.091201
145976,0,0.164715
145977,0,0.207593
145982,0,0.189932
145983,0,0.013663
145984,0,0.021415
145990,0,0.032550
145992,0,0.018030
145994,0,0.006359
145996,0,0.080643
145997,0,0.277600
146001,0,0.005398
146003,1,0.345322
146007,0,0.006984
146009,1,0.520615
146011,0,0.030891
146013,0,0.164953
146016,0,0.007018
146017,1,0.488705
146018,1,0.526401
146022,0,0.133897
146025,0,0.024254
146026,0,0.052606
146027,1,0.372831
146033,0,0.069305
146034,1,0.380958
146038,0,0.072764
146041,0,0.008171
146043,0,0.027638
146044,0,0.109802
146045,0,0.053128
146046,0,0.009167
146048,0,0.065621
146049,0,0.079953
146052,0,0.013032
146054,0,0.034373
146056,1,0.616830
146059,0,0.097907
146060,0,0.049025
146062,0,0.011790
146063,0,0.040279
146065,0,0.012392
146066,0,0.014813
146068,0,0.169756
146071,0,0.134031
146073,0,0.193485
146075,0,0.012300
146077,1,0.421379
146078,0,0.085371
146080,0,0.053770
146083,0,0.083869
146087,1,0.511588
146088,0,0.168948
146090,0,0.010668
146092,0,0.017052
146094,0,0.007340
146096,0,0.043187
146098,0,0.057905
146101,0,0.035148
146107,1,0.682641
146108,0,0.047410
146109,0,0.005581
146113,1,0.737743
146115,0,0.044232
146117,0,0.030083
146119,0,0.048956
146121,1,0.721368
146124,0,0.029781
146126,0,0.013775
146127,0,0.094875
146130,0,0.086339
146131,0,0.047080
146134,0,0.004643
146135,1,0.700725
146136,0,0.006626
146138,1,0.340607
146143,0,0.056359
146148,0,0.079080
146150,1,0.605038
146151,0,0.006098
146153,0,0.062211
146155,0,0.016442
146159,0,0.012581
146164,0,0.050490
146165,0,0.146568
146166,0,0.013063
146169,0,0.071348
146175,0,0.136176
146176,0,0.056990
146178,0,0.128341
146180,1,0.468667
146183,0,0.077972
146186,0,0.034200
146190,0,0.027610
146191,0,0.011454
146193,0,0.008001
146196,0,0.040960
146199,0,0.030010
146205,0,0.080071
146206,0,0.048691
146208,0,0.105218
146210,0,0.007672
146211,0,0.011079
146212,0,0.019641
146214,0,0.017418
146216,0,0.012219
146218,0,0.042905
146219,0,0.164756
146221,0,0.041096
146223,0,0.022499
146227,1,0.512709
146228,0,0.141817
146230,0,0.103214
146232,0,0.067642
146233,0,0.050629
146234,1,0.469114
146236,0,0.269195
146238,0,0.167198
146243,0,0.011457
146246,0,0.217743
146252,0,0.121430
146254,0,0.024750
146256,0,0.014840
146260,0,0.031890
146262,1,0.404140
146263,0,0.229914
146267,0,0.023842
146269,1,0.708150
146270,0,0.004481
146271,0,0.075004
146272,0,0.012516
146273,1,0.516339
146274,0,0.132206
146279,0,0.011967
146281,0,0.018078
146283,0,0.021011
146288,0,0.136962
146289,0,0.319758
146291,0,0.030025
146293,0,0.136530
146303,0,0.022129
146305,0,0.005494
146306,0,0.013389
146308,0,0.109776
146309,0,0.007209
146314,0,0.021461
146317,0,0.024871
146318,0,0.017562
146319,0,0.039115
146320,0,0.069076
146321,1,0.358601
146322,0,0.060952
146327,1,0.482647
146329,0,0.099233
146330,0,0.061153
146332,0,0.071957
146334,0,0.061852
146337,0,0.024736
146342,0,0.233640
146345,0,0.035097
146349,0,0.051385
146350,0,0.086725
146351,0,0.066709
146352,0,0.098931
146353,0,0.019725
146360,0,0.041071
146362,0,0.191192
146365,0,0.069048
146367,0,0.171115
146369,0,0.004829
146373,0,0.007060
146374,1,0.379196
146376,0,0.027307
146377,0,0.076109
146384,0,0.025955
146386,0,0.050371
146387,0,0.011417
146389,0,0.013977
146391,0,0.012263
146394,0,0.112643
146395,0,0.010280
146397,1,0.456501
146398,1,0.392895
146399,0,0.298817
146400,0,0.103534
146401,0,0.036025
146402,0,0.274363
146404,0,0.006159
146407,0,0.304220
146413,0,0.094838
146415,0,0.262426
146417,0,0.031619
146421,0,0.281448
146431,0,0.072637
146433,0,0.321233
146436,0,0.247356
146439,0,0.055496
146442,1,0.673749
146444,0,0.113107
146448,0,0.127719
146453,0,0.004129
146454,0,0.171489
146456,0,0.007036
146459,1,0.347043
146460,0,0.191082
146466,1,0.663839
146467,0,0.062980
146472,0,0.237930
146475,0,0.073158
146476,0,0.038272
146477,0,0.065390
146480,0,0.005166
146483,0,0.076896
146485,0,0.210920
146489,0,0.279367
146490,1,0.350588
146492,0,0.003066
146494,0,0.107897
146496,0,0.026117
146497,0,0.096963
146498,0,0.024711
146499,0,0.006487
146500,0,0.024498
146501,0,0.041766
146502,0,0.044589
146505,0,0.208596
146507,0,0.101470
146508,0,0.047215
146509,0,0.108944
146510,0,0.154887
146511,0,0.054660
146513,0,0.076980
146515,0,0.106933
146522,0,0.032597
146523,0,0.119477
146524,0,0.014292
146529,1,0.755988
146531,0,0.018879
146536,1,0.496267
146537,0,0.020576
146541,0,0.013067
146551,0,0.166530
146552,0,0.015671
146554,0,0.037001
146557,1,0.327400
146558,0,0.020267
146559,0,0.047244
146563,0,0.057865
146565,1,0.331018
146567,0,0.154753
146568,0,0.055978
146569,0,0.019646
146570,0,0.055183
146571,0,0.042398
146573,1,0.524312
146574,0,0.284460
146575,0,0.089032
146576,0,0.147510
146579,0,0.022042
146585,0,0.006146
146588,1,0.364556
146593,0,0.051990
146595,0,0.032671
146598,1,0.369508
146601,1,0.479111
146602,0,0.111330
146604,0,0.070639
146606,0,0.006198
146607,0,0.016749
146608,0,0.011672
146613,0,0.005575
146614,1,0.796699
146615,0,0.044123
146616,0,0.005718
146618,0,0.096422
146621,0,0.015278
146623,0,0.028816
146625,0,0.107168
146628,0,0.013635
146630,1,0.337091
146632,0,0.038382
146633,0,0.192804
146637,0,0.023984
146638,1,0.339464
146639,0,0.037493
146642,0,0.031320
146643,1,0.665840
146644,1,0.334104
146646,1,0.424437
146652,0,0.074240
146653,0,0.016416
146656,0,0.196456
146658,0,0.009076
146664,0,0.031276
146665,0,0.081217
146666,0,0.039270
146667,1,0.601475
146671,1,0.353711
146672,0,0.027297
146674,0,0.128133
146676,1,0.465692
146677,0,0.015336
146683,0,0.017205
146684,0,0.285035
146685,0,0.155725
146686,0,0.272538
146687,1,0.426480
146688,0,0.010585
146691,0,0.060130
146697,0,0.126903
146701,0,0.123086
146705,0,0.157705
146712,0,0.014675
146717,0,0.057031
146718,0,0.037237
146719,0,0.268601
146721,1,0.426186
146723,0,0.062389
146725,0,0.012373
146727,0,0.022426
146729,1,0.728950
146730,0,0.006862
146731,0,0.068691
146738,0,0.035104
146742,1,0.471838
146745,0,0.005369
146749,0,0.216916
146752,0,0.012192
146756,0,0.138406
146757,0,0.036633
146762,0,0.043726
146765,0,0.318932
146767,0,0.117450
146770,0,0.210743
146771,0,0.044752
146776,0,0.013977
146777,0,0.223989
146779,0,0.261492
146780,0,0.186591
146784,0,0.013775
146785,0,0.011564
146790,0,0.043077
146791,0,0.011809
146794,0,0.035744
146795,0,0.046840
146801,0,0.019792
146802,0,0.009410
146804,0,0.003088
146807,0,0.022362
146809,0,0.270653
146816,1,0.635198
146822,1,0.399335
146825,0,0.073097
146828,1,0.642605
146832,0,0.065592
146833,0,0.122672
146834,0,0.027887
146836,0,0.013593
146837,0,0.090643
146838,0,0.022626
146839,0,0.051875
146840,0,0.148870
146841,0,0.120669
146843,0,0.005894
146845,0,0.009479
146846,0,0.013830
146848,0,0.012103
146853,0,0.010521
146854,1,0.700687
146855,0,0.031004
146856,1,0.413816
146865,0,0.009339
146869,0,0.011823
146873,0,0.004965
146876,0,0.029913
146879,0,0.004298
146881,0,0.208397
146882,0,0.012618
146884,0,0.030437
146885,0,0.005375
146889,0,0.275178
146890,0,0.006330
146892,0,0.160659
146893,0,0.011581
146894,0,0.232703
146896,0,0.040201
146899,0,0.022903
146905,1,0.478277
146910,0,0.036124
146911,0,0.157912
146912,0,0.086390
146915,0,0.023281
146918,1,0.574914
146922,0,0.021433
146923,0,0.045707
146924,0,0.052841
146925,0,0.090876
146928,1,0.487578
146938,0,0.005800
146939,0,0.217046
146944,1,0.335736
146945,0,0.185280
146947,0,0.052857
146949,0,0.168781
146951,0,0.071741
146953,0,0.023973
146954,0,0.143128
146955,0,0.012773
146957,0,0.144034
146959,1,0.870735
146963,0,0.053195
146965,0,0.076385
146967,0,0.064623
146968,0,0.010396
146969,1,0.695832
146972,0,0.103056
146975,1,0.642387
146977,0,0.045967
146981,1,0.369751
146983,1,0.605077
146984,0,0.010556
146988,0,0.031827
146989,0,0.275069
146993,0,0.036205
146996,0,0.027264
146997,0,0.238249
146999,0,0.035260
147002,0,0.039446
147003,1,0.705037
147005,0,0.019449
147006,0,0.170525
147009,0,0.047977
147015,0,0.018250
147018,0,0.169548
147022,0,0.014434
147023,0,0.019680
147024,0,0.168859
147025,0,0.097558
147026,0,0.006541
147027,1,0.641529
147029,0,0.095141
147032,0,0.013219
147033,0,0.273141
147034,0,0.105002
147035,0,0.059222
147040,0,0.028813
147043,0,0.017732
147045,1,0.379841
147046,0,0.116644
147048,1,0.448722
147050,0,0.299216
147051,0,0.035459
147053,1,0.768144
147056,0,0.188731
147057,0,0.003492
147062,0,0.018045
147072,0,0.131643
147077,0,0.178028
147079,0,0.170502
147082,0,0.019722
147083,0,0.185138
147088,0,0.125537
147089,0,0.012906
147092,0,0.017832
147093,0,0.019537
147094,0,0.030642
147097,0,0.016430
147100,0,0.005702
147101,0,0.161719
147110,0,0.014868
147112,0,0.017150
147116,0,0.131644
147117,0,0.008249
147118,0,0.039898
147119,1,0.333697
147126,0,0.054377
147129,0,0.228153
147130,1,0.329478
147132,0,0.094899
147134,1,0.622553
147135,1,0.751290
147137,1,0.655234
147141,0,0.051696
147153,1,0.479146
147157,0,0.152287
147159,0,0.248408
147161,0,0.250086
147162,0,0.123712
147168,0,0.157370
147169,0,0.100658
147172,0,0.030491
147173,0,0.186463
147174,0,0.102501
147175,1,0.666186
147177,0,0.239398
147179,0,0.096774
147181,0,0.027208
147182,0,0.123321
147183,0,0.094388
147184,0,0.007754
147187,0,0.111500
147191,0,0.312570
147194,1,0.326241
147195,0,0.006384
147199,0,0.004956
147200,0,0.063435
147201,0,0.012577
147202,0,0.046003
147204,0,0.065216
147206,0,0.022032
147207,0,0.134060
147209,0,0.232084
147210,0,0.010904
147212,0,0.154021
147213,0,0.125223
147214,0,0.037180
147216,0,0.020017
147218,1,0.408732
147219,0,0.018574
147221,0,0.023464
147225,0,0.207386
147226,0,0.019500
147227,0,0.095799
147233,0,0.135666
147235,0,0.254193
147240,0,0.034627
147254,0,0.004864
147256,1,0.399780
147262,0,0.031387
147265,0,0.016984
147266,0,0.025082
147269,0,0.124239
147274,0,0.094237
147276,0,0.005857
147279,0,0.095879
147280,0,0.080284
147282,0,0.004540
147283,0,0.021380
147292,0,0.137757
147298,0,0.133672
147299,0,0.041103
147305,0,0.206484
147312,0,0.022635
147317,0,0.005933
147323,0,0.247669
147324,1,0.397997
147325,1,0.502515
147326,0,0.067553
147328,0,0.051891
147333,0,0.294945
147334,0,0.148153
147335,0,0.150984
147338,0,0.321141
147339,0,0.248857
147344,0,0.080133
147353,0,0.120553
147354,0,0.063079
147356,0,0.007279
147357,0,0.174705
147358,0,0.023748
147359,0,0.011316
147363,0,0.076111
147365,0,0.082796
147369,0,0.063667
147374,0,0.030560
147375,0,0.005081
147378,0,0.074556
147379,0,0.253986
147380,1,0.352980
147381,0,0.007052
147386,1,0.715876
147389,0,0.173183
147393,1,0.438163
147394,0,0.021523
147395,0,0.132356
147397,0,0.008611
147407,0,0.062025
147408,0,0.055503
147409,0,0.136616
147414,0,0.007762
147415,1,0.452395
147416,0,0.012015
147421,1,0.541230
147423,0,0.205017
147425,0,0.153154
147426,0,0.305373
147430,0,0.105615
147431,0,0.008554
147432,0,0.047768
147433,0,0.019259
147434,1,0.744923
147438,1,0.918591
147439,0,0.004929
147441,1,0.358941
147443,0,0.230805
147445,0,0.110608
147447,0,0.079707
147450,0,0.281739
147451,0,0.273741
147452,0,0.026256
147456,0,0.050468
147458,1,0.611387
147459,0,0.075280
147461,0,0.007464
147463,0,0.031867
147465,0,0.041775
147472,0,0.015399
147474,0,0.008673
147475,0,0.091502
147478,0,0.014890
147482,0,0.037103
147487,0,0.099119
147490,0,0.090260
147494,0,0.085745
147498,0,0.118166
147500,0,0.011564
147503,0,0.067003
147506,0,0.026044
147507,0,0.065323
147509,0,0.032387
147510,0,0.035040
147511,0,0.261142
147514,0,0.013413
147517,0,0.024133
147525,1,0.517108
147529,0,0.018496
147531,0,0.292636
147538,0,0.140782
147540,0,0.012552
147542,0,0.007270
147545,0,0.204424
147551,0,0.121742
147553,0,0.049671
147555,0,0.095482
147556,0,0.155186
147559,0,0.085397
147560,0,0.018805
147561,0,0.007862
147565,0,0.012533
147566,0,0.046335
147570,0,0.021350
147572,0,0.282983
147573,0,0.100799
147577,0,0.118648
147582,0,0.143549
147589,0,0.058997
147593,0,0.050172
147598,0,0.028647
147599,0,0.008173
147601,0,0.099547
147602,0,0.026179
147603,1,0.787488
147605,1,0.640881
147609,1,0.586825
147612,0,0.035992
147613,0,0.048089
147618,0,0.046847
147619,0,0.007249
147622,0,0.230977
147623,0,0.066168
147625,0,0.018420
147629,0,0.009068
147630,0,0.014385
147636,0,0.017392
147638,0,0.148557
147639,1,0.369242
147642,0,0.009944
147647,0,0.052514
147649,0,0.046887
147651,0,0.243036
147653,1,0.644536
147660,0,0.058862
147664,0,0.017497
147667,0,0.025176
147670,0,0.302302
147671,0,0.071706
147672,0,0.155757
147676,0,0.006212
147678,0,0.008469
147681,0,0.026715
147682,0,0.139072
147686,1,0.574716
147691,1,0.486720
147692,0,0.256983
147694,0,0.272119
147699,1,0.418843
147700,1,0.430662
147702,0,0.017469
147703,1,0.596532
147705,0,0.008745
147706,0,0.004188
147713,0,0.009460
147716,0,0.080075
147717,0,0.029554
147718,0,0.040414
147720,0,0.060490
147723,0,0.015068
147726,1,0.479733
147727,0,0.081003
147728,0,0.058611
147729,0,0.051895
147732,0,0.008121
147733,0,0.021034
147734,0,0.264210
147736,0,0.081218
147742,0,0.014264
147753,1,0.351017
147758,0,0.035200
147759,1,0.744154
147761,0,0.304596
147767,0,0.025835
147768,0,0.014938
147771,0,0.012237
147774,0,0.002564
147775,0,0.170786
147777,0,0.084671
147782,0,0.022644
147791,0,0.004651
147796,0,0.027544
147798,0,0.005796
147799,0,0.003685
147802,0,0.187332
147804,1,0.329907
147807,0,0.033824
147813,0,0.027476
147815,0,0.014533
147819,0,0.008222
147822,0,0.034059
147823,0,0.009970
147825,0,0.087284
147833,0,0.012958
147836,0,0.304069
147837,0,0.004806
147838,0,0.111576
147843,0,0.141326
147844,0,0.194813
147845,0,0.106597
147848,1,0.394449
147854,0,0.127910
147855,0,0.041190
147856,0,0.027497
147858,0,0.021846
147859,0,0.068106
147862,0,0.059257
147863,0,0.015510
147868,0,0.166456
147870,0,0.033166
147871,1,0.429307
147873,0,0.163494
147875,0,0.008122
147876,1,0.403182
147877,0,0.006329
147887,1,0.614587
147892,0,0.017184
147893,0,0.013170
147904,0,0.286587
147905,0,0.191227
147906,0,0.023038
147909,0,0.036311
147911,0,0.041529
147912,0,0.006475
147915,0,0.249446
147917,0,0.005627
147918,0,0.030863
147920,0,0.017156
147921,0,0.072253
147923,0,0.004839
147924,0,0.114871
147926,0,0.009429
147934,1,0.380934
147936,0,0.048095
147937,0,0.046633
147939,0,0.032120
147944,0,0.019029
147947,0,0.055220
147948,0,0.222162
147950,0,0.058888
147951,0,0.021142
147952,0,0.029372
147955,0,0.307793
147958,0,0.010800
147960,0,0.006668
147961,0,0.011540
147962,0,0.028014
147965,0,0.021011
147971,0,0.076607
147974,0,0.035320
147977,0,0.045069
147979,0,0.018291
147983,0,0.006645
147984,0,0.181969
147986,1,0.328672
147987,0,0.014211
147992,0,0.249625
147994,0,0.048105
147996,0,0.236064
148002,0,0.179712
148005,0,0.006541
148007,0,0.111898
148008,0,0.005099
148009,0,0.007610
148017,0,0.112778
148020,0,0.009336
148023,0,0.009277
148025,0,0.099437
148028,0,0.094727
148029,0,0.003282
148031,0,0.207755
148032,0,0.051846
148035,0,0.007490
148037,0,0.098224
148040,1,0.572975
148042,0,0.130775
148043,0,0.056539
148046,0,0.004982
148047,0,0.116337
148054,0,0.032611
148057,0,0.320285
148058,0,0.118384
148059,0,0.114850
148063,0,0.212900
148064,1,0.446194
148066,1,0.691520
148067,0,0.097993
148073,0,0.022238
148074,0,0.056457
148077,0,0.122398
148079,0,0.021826
148082,0,0.024944
148088,0,0.011644
148092,0,0.008835
148094,0,0.023512
148095,0,0.214724
148096,0,0.118900
148097,1,0.415997
148102,0,0.039500
148104,0,0.246828
148105,1,0.533331
148106,0,0.018905
148107,1,0.810297
148108,0,0.020316
148111,0,0.011167
148112,0,0.185770
148114,0,0.018947
148118,0,0.030867
148119,0,0.007697
148124,0,0.015142
148129,0,0.037263
148130,0,0.095177
148132,0,0.013091
148137,0,0.136932
148138,0,0.006601
148143,0,0.183109
148144,0,0.273901
148150,0,0.205865
148151,1,0.382385
148155,0,0.046054
148157,0,0.137343
148163,0,0.056749
148165,0,0.047962
148167,0,0.038066
148170,0,0.245414
148171,0,0.016385
148175,0,0.091608
148176,0,0.033514
148179,0,0.011198
148182,0,0.008084
148184,1,0.625209
148186,0,0.288562
148187,0,0.029051
148191,1,0.331383
148195,1,0.428265
148199,0,0.028500
148202,0,0.087402
148203,0,0.104906
148206,0,0.058443
148207,1,0.583416
148212,0,0.035748
148213,0,0.134518
148214,0,0.025547
148215,0,0.013865
148218,0,0.049892
148219,0,0.320896
148220,0,0.299910
148222,0,0.010273
148227,0,0.017259
148228,1,0.645603
148230,0,0.151406
148235,0,0.028453
148238,0,0.004159
148241,0,0.004791
148242,0,0.014459
148249,1,0.443530
148251,0,0.092097
148253,1,0.648476
148256,0,0.134897
148257,0,0.017989
148259,0,0.296570
148260,1,0.377042
148261,0,0.012849
148266,0,0.023586
148268,0,0.248881
148269,1,0.506146
148272,0,0.022606
148276,0,0.012702
148278,0,0.297591
148279,0,0.248778
148280,0,0.152554
148284,1,0.333279
148286,0,0.269424
148289,0,0.048357
148290,0,0.224837
148291,0,0.226435
148300,0,0.022791
148302,1,0.772096
148303,0,0.078113
148304,0,0.215494
148306,1,0.356747
148307,1,0.726039
148308,0,0.097457
148309,1,0.349935
148310,0,0.071035
148313,1,0.548658
148314,0,0.020274
148315,1,0.775649
148317,0,0.041365
148319,0,0.015052
148323,0,0.050457
148325,0,0.050160
148327,0,0.037036
148328,1,0.548944
148331,0,0.069457
148333,0,0.021462
148334,0,0.008987
148335,0,0.047605
148336,0,0.177161
148337,0,0.022044
148339,0,0.075905
148348,0,0.250835
148350,0,0.086843
148351,1,0.646388
148353,1,0.336493
148354,0,0.075653
148358,0,0.018235
148359,1,0.849497
148361,0,0.130343
148362,0,0.042955
148364,0,0.226763
148365,1,0.351020
148370,0,0.028490
148375,0,0.024171
148376,0,0.060215
148382,0,0.005523
148388,0,0.018329
148390,0,0.154577
148391,0,0.017052
148394,0,0.014802
148396,0,0.025962
148397,0,0.008080
148404,0,0.048441
148405,0,0.010956
148406,0,0.006269
148408,0,0.045249
148409,0,0.105724
148410,0,0.096726
148411,1,0.342266
148413,0,0.089775
148414,0,0.279055
148422,1,0.407948
148424,0,0.063398
148425,0,0.019155
148426,0,0.018915
148436,0,0.006102
148437,0,0.045496
148440,0,0.010951
148442,0,0.115615
148444,0,0.124741
148449,0,0.022357
148450,0,0.035780
148452,0,0.020162
148455,0,0.023805
148456,0,0.032264
148458,1,0.549659
148459,0,0.088198
148461,1,0.365589
148463,0,0.281646
148464,0,0.070947
148465,0,0.204936
148467,1,0.514417
148469,0,0.009768
148471,0,0.051737
148472,0,0.176508
148473,0,0.045584
148474,0,0.045741
148479,0,0.024462
148480,0,0.037316
148482,0,0.111126
148484,0,0.022764
148485,0,0.320742
148486,0,0.120276
148487,0,0.015106
148489,1,0.580814
148491,0,0.004167
148493,0,0.065869
148494,1,0.562003
148495,0,0.008939
148497,0,0.038984
148501,0,0.004925
148507,0,0.036912
148511,0,0.014965
148512,0,0.221633
148513,0,0.047824
148514,0,0.141602
148515,0,0.003708
148516,0,0.007059
148520,0,0.011569
148523,0,0.014955
148524,0,0.033470
148526,0,0.004890
148530,0,0.301465
148533,0,0.041024
148535,0,0.018436
148539,0,0.040595
148540,0,0.019038
148546,0,0.080648
148549,0,0.099137
148550,1,0.340672
148555,0,0.043316
148557,0,0.030269
148558,0,0.305804
148559,0,0.102957
148564,0,0.022713
148572,0,0.006515
148573,1,0.662854
148574,0,0.031791
148577,0,0.076787
148580,0,0.006898
148583,1,0.338824
148584,0,0.054036
148586,1,0.501030
148587,0,0.045389
148591,0,0.004501
148595,0,0.016947
148596,0,0.287727
148597,0,0.022498
148598,0,0.134278
148602,0,0.161751
148605,1,0.852233
148606,0,0.137734
148607,0,0.083763
148609,0,0.017729
148610,0,0.006205
148611,0,0.075793
148614,0,0.246500
148617,0,0.061760
148619,0,0.030401
148630,0,0.046351
148631,0,0.256176
148633,0,0.183368
148634,0,0.010000
148636,0,0.007441
148639,0,0.158327
148640,0,0.092420
148641,0,0.007473
148646,0,0.037658
148652,0,0.025360
148655,0,0.205379
148657,0,0.296117
148658,0,0.014654
148662,0,0.028083
148663,1,0.365180
148664,0,0.031680
148665,0,0.015268
148666,0,0.013892
148667,0,0.054502
148670,0,0.134731
148674,1,0.518743
148675,0,0.093850
148676,1,0.582646
148678,0,0.008535
148679,0,0.245039
148681,0,0.008049
148684,0,0.070716
148688,0,0.037123
148689,0,0.011505
148694,0,0.055071
148696,0,0.185899
148701,0,0.014454
148703,0,0.017288
148707,0,0.077648
148708,0,0.032617
148709,0,0.168500
148710,0,0.288366
148712,0,0.030468
148719,0,0.015014
148720,0,0.020375
148722,0,0.287680
148723,0,0.085389
148724,0,0.021175
148727,1,0.826131
148729,0,0.024133
148731,0,0.084353
148733,0,0.025364
148734,1,0.734499
148736,1,0.477160
148737,0,0.294986
148741,0,0.017634
148744,0,0.255935
148746,0,0.077224
148751,0,0.032600
148756,0,0.034240
148758,0,0.258913
148759,0,0.162819
148760,0,0.026535
148762,0,0.002572
148763,0,0.150931
148765,0,0.020083
148767,0,0.231941
148770,0,0.228958
148771,0,0.116432
148775,0,0.093864
148776,0,0.160915
148781,0,0.009136
148782,0,0.005350
148785,0,0.050353
148787,0,0.289702
148788,0,0.026064
148790,0,0.023661
148792,0,0.012132
148793,0,0.118390
148795,0,0.010591
148796,0,0.020164
148798,0,0.022046
148800,0,0.005661
148803,0,0.260241
148806,0,0.006528
148807,1,0.409776
148810,1,0.361181
148811,0,0.028663
148814,0,0.016643
148815,0,0.045135
148816,1,0.330596
148817,0,0.012406
148818,0,0.016271
148820,0,0.027436
148821,0,0.091165
148823,0,0.068255
148827,0,0.071570
148831,0,0.026756
148836,0,0.039834
148838,1,0.363945
148841,0,0.236720
148843,0,0.219701
148844,0,0.014618
148845,0,0.137926
148848,0,0.017977
148852,0,0.036872
148856,0,0.046477
148859,0,0.039581
148861,0,0.011264
148866,0,0.142961
148867,0,0.323770
148874,0,0.321615
148875,0,0.026399
148878,0,0.025186
148882,0,0.005686
148884,0,0.277878
148889,1,0.482534
148891,0,0.078357
148893,1,0.414075
148896,1,0.740725
148904,0,0.311366
148905,0,0.015451
148907,0,0.023130
148908,0,0.051563
148909,0,0.166307
148910,0,0.048537
148913,1,0.410359
148916,0,0.048770
148918,0,0.162043
148920,0,0.057030
148921,0,0.014548
148922,0,0.035378
148927,0,0.124449
148928,0,0.203983
148930,0,0.027173
148931,0,0.040104
148932,0,0.012676
148933,0,0.037525
148936,0,0.041675
148938,0,0.009142
148940,0,0.041021
148942,0,0.006825
148943,0,0.029054
148944,0,0.058168
148945,0,0.105889
148951,0,0.060818
148952,0,0.140727
148953,0,0.159263
148956,0,0.054945
148958,0,0.015370
148959,0,0.033904
148964,0,0.009407
148966,0,0.024950
148967,0,0.020787
148968,0,0.101319
148970,0,0.050764
148973,1,0.770087
148975,0,0.006213
148978,0,0.016812
148981,0,0.015265
148982,0,0.066384
148986,1,0.382987
148987,1,0.402434
148989,0,0.065314
148992,0,0.237980
148993,0,0.004243
148998,0,0.017301
149000,0,0.035677
149001,0,0.112576
149002,0,0.103405
149003,0,0.182542
149005,0,0.105771
149007,0,0.023674
149010,0,0.082264
149013,1,0.393742
149020,0,0.128117
149021,0,0.011791
149022,0,0.065044
149028,0,0.067631
149029,0,0.088573
149031,0,0.012052
149033,0,0.050646
149036,1,0.685871
149040,0,0.295170
149041,1,0.340892
149043,0,0.065632
149046,0,0.173169
149047,0,0.094518
149048,1,0.538869
149051,0,0.236623
149054,0,0.060081
149055,0,0.024536
149060,0,0.026464
149061,0,0.048295
149062,1,0.474977
149063,0,0.061601
149064,0,0.155530
149065,0,0.044110
149070,0,0.007608
149071,0,0.176508
149075,0,0.005987
149078,0,0.257220
149080,0,0.135084
149081,0,0.217333
149083,0,0.011459
149088,0,0.019920
149090,0,0.036051
149092,0,0.229777
149095,0,0.196642
149102,0,0.014807
149106,1,0.728547
149108,0,0.131411
149113,0,0.007186
149114,0,0.020463
149115,0,0.246274
149119,0,0.007592
149123,0,0.028673
149130,0,0.008193
149134,0,0.159471
149138,0,0.038118
149146,0,0.016484
149147,0,0.045372
149153,0,0.119703
149155,0,0.048123
149159,0,0.023195
149160,1,0.437760
149162,0,0.071413
149165,0,0.040960
149170,0,0.040293
149172,0,0.128137
149174,0,0.015174
149176,1,0.401508
149177,0,0.040167
149183,0,0.036477
149185,0,0.156192
149188,0,0.006422
149196,0,0.092570
149201,1,0.417357
149207,0,0.240279
149210,0,0.019214
149214,0,0.073081
149217,0,0.022403
149219,0,0.036444
149221,0,0.269895
149222,0,0.008142
149224,0,0.096123
149226,0,0.017717
149230,0,0.245936
149235,1,0.717331
149237,0,0.031713
149239,0,0.121719
149241,0,0.017799
149244,0,0.026026
149246,0,0.088919
149248,0,0.039181
149252,0,0.045325
149255,0,0.232180
149257,0,0.044550
149262,0,0.008811
149273,0,0.041397
149277,0,0.023045
149278,0,0.038645
149279,0,0.323694
149281,0,0.016107
149285,0,0.099569
149286,1,0.499027
149287,0,0.046574
149290,0,0.016653
149293,0,0.013100
149303,0,0.010519
149304,0,0.251755
149307,1,0.386526
149310,0,0.003693
149313,0,0.067473
149317,0,0.012785
149322,0,0.028969
149329,0,0.232555
149332,0,0.017233
149333,0,0.140970
149335,0,0.116269
149337,1,0.431685
149340,0,0.042505
149344,0,0.016671
149346,0,0.003420
149351,0,0.003956
149352,0,0.121174
149354,1,0.515993
149356,0,0.094196
149360,0,0.037478
149364,0,0.059771
149365,0,0.092058
149366,0,0.019730
149368,0,0.170382
149371,0,0.053517
149373,1,0.550097
149375,0,0.099668
149376,0,0.015410
149380,1,0.342586
149382,0,0.008066
149386,0,0.009450
149393,0,0.088441
149394,0,0.024537
149396,0,0.005643
149398,0,0.107620
149399,1,0.810362
149400,0,0.043190
149401,1,0.688168
149403,0,0.033738
149405,0,0.070005
149406,0,0.140238
149408,0,0.040362
149409,0,0.125439
149410,0,0.179527
149412,0,0.034385
149414,0,0.112546
149415,0,0.156911
149417,0,0.018200
149418,1,0.454650
149420,0,0.063788
149423,0,0.026015
149427,0,0.030004
149428,0,0.006990
149430,0,0.015402
149433,0,0.046208
149437,0,0.010029
149449,0,0.015177
149450,0,0.256305
149454,0,0.177130
149456,0,0.024889
149457,0,0.015682
149465,0,0.081937
149467,1,0.509812
149470,0,0.068688
149472,0,0.284350
149476,0,0.117389
149478,0,0.095131
149482,0,0.064415
149484,1,0.580385
149485,0,0.024101
149488,0,0.096076
149489,0,0.199830
149491,0,0.309084
149492,0,0.032783
149495,0,0.018389
149499,0,0.035566
149500,0,0.063045
149503,0,0.012794
149507,0,0.003576
149509,0,0.008646
149512,0,0.020129
149522,0,0.012931
149524,0,0.072265
149526,0,0.013165
149528,0,0.013068
149529,0,0.026318
149531,0,0.031564
149539,0,0.233084
149540,0,0.078445
149541,0,0.072449
149543,0,0.006122
149547,0,0.036920
149548,0,0.236276
149549,1,0.529629
149551,0,0.021287
149553,1,0.424825
149556,0,0.018075
149558,0,0.217270
149568,0,0.222105
149573,0,0.036828
149574,0,0.009803
149575,0,0.216931
149577,0,0.033811
149579,0,0.051327
149581,0,0.008215
149583,0,0.073390
149585,0,0.028575
149586,0,0.091322
149587,1,0.377815
149588,0,0.009716
149590,1,0.484375
149597,0,0.129232
149602,0,0.004297
149603,0,0.282431
149604,0,0.164429
149608,0,0.017310
149609,0,0.005392
149613,0,0.062672
149614,0,0.197610
149616,0,0.035704
149617,0,0.199844
149619,1,0.346704
149620,0,0.013775
149621,0,0.027725
149623,0,0.101844
149625,0,0.318581
149626,0,0.013139
149630,0,0.117443
149631,0,0.014580
149632,0,0.062270
149634,0,0.007895
149638,0,0.060978
149639,1,0.448817
149640,0,0.016160
149643,0,0.003289
149644,0,0.067060
149647,0,0.020656
149648,0,0.055748
149649,0,0.065222
149654,1,0.726192
149656,1,0.538911
149660,1,0.345339
149666,0,0.021908
149667,0,0.022288
149670,0,0.102463
149671,0,0.014489
149672,0,0.203798
149674,1,0.380095
149676,0,0.020098
149679,1,0.784598
149688,0,0.012622
149690,0,0.024814
149691,1,0.513249
149697,0,0.010690
149702,0,0.070751
149704,0,0.082290
149707,0,0.036840
149709,0,0.080991
149711,0,0.117189
149712,0,0.046908
149714,0,0.010865
149716,0,0.046670
149717,0,0.008894
149718,0,0.007543
149719,0,0.121316
149726,1,0.474747
149729,1,0.544073
149731,0,0.069715
149737,0,0.322406
149738,0,0.171392
149739,0,0.015341
149742,0,0.069113
149746,0,0.061524
149747,0,0.064703
149748,0,0.037926
149750,1,0.720886
149752,0,0.209399
149753,0,0.009856
149755,0,0.118149
149757,1,0.346036
149758,0,0.021735
149759,0,0.311108
149762,0,0.096160
149765,0,0.056938
149767,0,0.072182
149770,0,0.047528
149772,0,0.047546
149775,0,0.101860
149778,1,0.676553
149782,1,0.458772
149788,1,0.429112
149790,1,0.696298
149791,0,0.007286
149792,1,0.504558
149794,0,0.045738
149795,0,0.019566
149796,0,0.141484
149797,0,0.043466
149800,0,0.011296
149802,0,0.012379
149804,1,0.329747
149805,0,0.108178
149807,0,0.089272
149810,0,0.017207
149811,0,0.022494
149814,0,0.262602
149815,0,0.037703
149816,0,0.066031
149819,1,0.535854
149820,0,0.126779
149821,0,0.034823
149823,0,0.083374
149824,0,0.172013
149828,0,0.004814
149831,0,0.278152
149832,0,0.090573
149834,0,0.110599
149835,0,0.193412
149839,1,0.467091
149840,0,0.008136
149841,1,0.468490
149846,0,0.262220
149847,0,0.010526
149852,0,0.004754
149853,0,0.025094
149854,0,0.187733
149858,1,0.361840
149861,1,0.562416
149862,0,0.035717
149863,0,0.052407
149865,0,0.074957
149866,0,0.011342
149868,0,0.014826
149870,0,0.158895
149871,0,0.054633
149875,0,0.295621
149876,0,0.039254
149877,1,0.492380
149882,0,0.098569
149883,0,0.157811
149889,0,0.076442
149890,0,0.021320
149892,0,0.217273
149895,0,0.047643
149898,1,0.420140
149900,0,0.004589
149901,0,0.010475
149902,0,0.019696
149909,0,0.229504
149912,0,0.084482
149917,0,0.289845
149920,1,0.336795
149922,0,0.011354
149925,0,0.312746
149926,0,0.053795
149929,0,0.196469
149930,0,0.010331
149931,0,0.108229
149933,1,0.643961
149935,0,0.018796
149939,0,0.007457
149943,0,0.154916
149948,0,0.070087
149950,0,0.159029
149953,0,0.052216
149954,0,0.010682
149956,0,0.302317
149958,0,0.006097
149959,0,0.009295
149960,0,0.069410
149961,0,0.206812
149966,1,0.541102
149970,0,0.136410
149971,0,0.056546
149972,0,0.015901
149976,0,0.044727
149979,0,0.215145
149980,0,0.005432
149983,0,0.029474
149984,0,0.088278
149986,0,0.064774
149989,0,0.008452
149994,0,0.116966
149996,0,0.091980
149997,0,0.018035
150003,0,0.051421
150007,0,0.042257
150010,0,0.226604
150012,0,0.134185
150013,0,0.105605
150014,0,0.030397
150022,0,0.122029
150023,0,0.157484
150024,0,0.020255
150028,0,0.029578
150034,0,0.006890
150037,0,0.047652
150040,0,0.032420
150042,0,0.005654
150043,0,0.124689
150048,0,0.179530
150049,0,0.045817
150050,0,0.316747
150052,0,0.064499
150053,0,0.024420
150055,0,0.042410
150059,1,0.377355
150063,0,0.324140
150065,1,0.590692
150068,0,0.104526
150070,0,0.110874
150081,0,0.021109
150090,0,0.019172
150092,0,0.020408
150095,0,0.081841
150096,0,0.043833
150098,0,0.196506
150100,1,0.589112
150103,0,0.116123
150104,0,0.282607
150107,1,0.360723
150108,0,0.020389
150110,0,0.009009
150113,0,0.006520
150117,0,0.127208
150118,0,0.018254
150119,0,0.271175
150120,0,0.075235
150125,0,0.281313
150126,0,0.011086
150127,0,0.129505
150128,0,0.017120
150135,0,0.015926
150137,0,0.199486
150143,0,0.233196
150144,0,0.003672
150145,1,0.583757
150146,0,0.071749
150147,0,0.044546
150149,0,0.153652
150157,0,0.224938
150159,0,0.125565
150163,0,0.068550
150165,0,0.027176
150169,1,0.367892
150171,0,0.209428
150173,0,0.096534
150175,0,0.012528
150177,0,0.210719
150182,1,0.437650
150183,0,0.078602
150189,0,0.027356
150194,0,0.028966
150195,0,0.145026
150198,0,0.236446
150202,1,0.366913
150207,0,0.064015
150209,0,0.149676
150214,0,0.092530
150217,0,0.229204
150218,1,0.506954
150222,0,0.243031
150229,0,0.019633
150230,0,0.222212
150231,0,0.019754
150232,0,0.020344
150237,0,0.172678
150238,0,0.031550
150239,0,0.005076
150241,0,0.027240
150244,0,0.011930
150245,0,0.231528
150246,0,0.081632
150247,0,0.026750
150251,0,0.004712
150253,0,0.006416
150263,0,0.010075
150265,0,0.044828
150268,0,0.008158
150272,0,0.011743
150279,0,0.020158
150280,0,0.011620
150283,0,0.048528
150284,0,0.122552
150285,0,0.094934
150287,0,0.028380
150289,0,0.010824
150290,0,0.021639
150292,0,0.005639
150300,0,0.062203
150303,1,0.622781
150305,0,0.049752
150309,0,0.011587
150310,1,0.431324
150316,0,0.121497
150318,0,0.068556
150319,0,0.013446
150323,0,0.023484
150324,0,0.047146
150326,0,0.014264
150332,0,0.035874
150335,0,0.088561
150336,0,0.014484
150340,0,0.012537
150342,1,0.582670
150345,0,0.093664
150348,0,0.010530
150357,1,0.449312
150359,0,0.011095
150361,0,0.004481
150371,0,0.034570
150372,0,0.192409
150373,0,0.207336
150377,0,0.003031
150379,0,0.010131
150381,1,0.344762
150383,1,0.403615
150387,0,0.047173
150389,0,0.044389
150391,0,0.013299
150392,0,0.034988
150396,0,0.026723
150399,1,0.342134
150400,0,0.217048
150405,0,0.276871
150406,0,0.038003
150410,0,0.018378
150412,0,0.284165
150413,1,0.462836
150414,0,0.219638
150416,0,0.299236
150417,0,0.008453
150418,0,0.082491
150423,0,0.157154
150424,0,0.013625
150425,0,0.024378
150426,1,0.382392
150427,0,0.308099
150430,0,0.046069
150433,0,0.015772
150434,0,0.168927
150439,1,0.590334
150441,0,0.030880
150445,0,0.030588
150446,0,0.052958
150447,0,0.010321
150453,0,0.015484
150455,0,0.089477
150457,0,0.186547
150459,0,0.207173
150465,0,0.260764
150466,0,0.064316
150468,1,0.369157
150478,0,0.033590
150479,0,0.044132
150483,0,0.098051
150486,0,0.024273
150488,1,0.341598
150491,1,0.357980
150498,0,0.012074
150501,0,0.054621
150504,0,0.306976
150506,0,0.108572
150508,0,0.008970
150509,0,0.105106
150510,0,0.048557
150511,0,0.278231
150513,1,0.336753
150514,1,0.728714
150517,0,0.063278
150523,0,0.009383
150525,0,0.015224
150531,0,0.321913
150532,0,0.017393
150533,0,0.033391
150535,0,0.219883
150536,0,0.162296
150537,0,0.196040
150538,0,0.189275
150542,0,0.305765
150543,0,0.042601
150544,0,0.007292
150546,0,0.006800
150547,0,0.029888
150548,0,0.288842
150552,0,0.051269
150553,0,0.006956
150554,1,0.468417
150555,0,0.137926
150556,0,0.027083
150557,0,0.027731
150558,0,0.019896
150561,0,0.024998
150562,0,0.015136
150565,0,0.011126
150567,0,0.013513
150570,1,0.449991
150578,0,0.228993
150584,1,0.496590
150586,0,0.049747
150589,0,0.065158
150590,0,0.044803
150591,0,0.068101
150595,0,0.017923
150600,0,0.007610
150602,0,0.174793
150603,0,0.016832
150605,0,0.015082
150611,0,0.047639
150613,0,0.204272
150617,0,0.023113
150619,1,0.399128
150622,0,0.025924
150624,1,0.746244
150629,1,0.751450
150630,0,0.252870
150636,0,0.037717
150637,0,0.042710
150638,0,0.018411
150639,1,0.598159
150643,0,0.020994
150645,0,0.146501
150646,0,0.035063
150648,0,0.057482
150649,0,0.020543
150653,1,0.472507
150658,0,0.021886
150661,0,0.010198
150665,1,0.541725
150666,0,0.077733
150668,0,0.096783
150670,0,0.008736
150671,0,0.030027
150676,0,0.022513
150677,0,0.205644
150679,0,0.033042
150680,1,0.360525
150682,0,0.024754
150686,0,0.036356
150688,0,0.029571
150690,0,0.005841
150691,0,0.078444
150693,0,0.084950
150694,0,0.041054
150697,0,0.230266
150698,0,0.075290
150700,0,0.010129
150703,0,0.073767
150704,0,0.093027
150705,1,0.456668
150710,0,0.244458
150716,0,0.135842
150720,0,0.027312
150724,1,0.461476
150726,0,0.017479
150727,0,0.009607
150728,0,0.027335
150732,0,0.017894
150733,0,0.050656
150734,0,0.016349
150735,0,0.144037
150737,0,0.043529
150739,0,0.143838
150741,0,0.009295
150743,0,0.089679
150744,0,0.064674
150746,0,0.049375
150748,0,0.056269
150755,0,0.009977
150756,0,0.237636
150758,0,0.025567
150759,0,0.224730
150762,0,0.062694
150763,0,0.084874
150767,0,0.118550
150768,0,0.007869
150769,0,0.054915
150771,0,0.007206
150774,1,0.674472
150776,0,0.006340
150777,0,0.040404
150779,1,0.376482
150781,0,0.004195
150784,1,0.431972
150785,0,0.080791
150789,0,0.010703
150790,0,0.276289
150791,0,0.014516
150792,0,0.020421
150797,0,0.230231
150799,0,0.007465
150800,1,0.803964
150801,0,0.014852
150803,0,0.017399
150804,1,0.897930
150807,0,0.012881
150816,1,0.475745
150817,0,0.016093
150820,1,0.369582
150822,0,0.044905
150825,0,0.211676
150826,1,0.440658
150829,0,0.036571
150835,0,0.004999
150841,0,0.020282
150848,1,0.682232
150854,0,0.222890
150855,0,0.177623
150857,0,0.034195
150863,0,0.097043
150867,1,0.684287
150875,0,0.106372
150880,0,0.316392
150882,0,0.024978
150885,0,0.086942
150888,0,0.006509
150889,0,0.055745
150891,1,0.350814
150899,0,0.220950
150900,0,0.075366
150901,0,0.032256
150902,0,0.030273
150905,0,0.060042
150906,0,0.004920
150913,0,0.010079
150917,0,0.088487
150920,1,0.713638
150921,0,0.254684
150923,0,0.032686
150924,0,0.035728
150927,0,0.006453
150930,0,0.006187
150932,0,0.007350
150935,0,0.031406
150938,0,0.120941
150940,0,0.014970
150941,0,0.079048
150942,0,0.010262
150944,0,0.260016
150945,0,0.130561
150951,0,0.161300
150952,0,0.036769
150953,0,0.032618
150956,0,0.017765
150958,0,0.206104
150960,0,0.006915
150961,0,0.011116
150962,1,0.717083
150964,0,0.007134
150965,0,0.124615
150966,0,0.281932
150970,1,0.479683
150971,0,0.065559
150976,0,0.053244
150981,0,0.124788
150987,0,0.195270
150994,0,0.047868
150995,0,0.035049
150996,0,0.006036
151000,1,0.415192
151005,0,0.069278
151006,0,0.005483
151007,0,0.283003
151010,0,0.008176
151013,0,0.196054
151018,0,0.006986
151023,0,0.021263
151024,0,0.064854
151026,0,0.051194
151027,0,0.011411
151030,0,0.010698
151033,0,0.008689
151037,0,0.008073
151039,0,0.218271
151043,0,0.167512
151045,0,0.026688
151048,0,0.047458
151051,0,0.083543
151055,0,0.143659
151056,0,0.324145
151062,0,0.095138
151063,0,0.078006
151064,1,0.350555
151065,0,0.017636
151069,0,0.068049
151070,0,0.004021
151072,1,0.412279
151078,0,0.043153
151082,0,0.053184
151090,1,0.477526
151093,1,0.548563
151096,0,0.023661
151100,0,0.012759
151108,0,0.257300
151109,0,0.061393
151113,0,0.299542
151116,0,0.039464
151117,0,0.026169
151119,0,0.014050
151122,0,0.076567
151124,0,0.072614
151128,1,0.617413
151130,0,0.018461
151131,1,0.355340
151135,0,0.042396
151136,0,0.008471
151137,1,0.411164
151140,0,0.111576
151141,0,0.022386
151142,0,0.017590
151143,0,0.219090
151144,0,0.047752
151150,0,0.059168
151153,0,0.076359
151158,0,0.257255
151161,0,0.057453
151167,0,0.284976
151171,0,0.030926
151172,0,0.036884
151175,0,0.157359
151176,1,0.657491
151177,0,0.041963
151178,0,0.015926
151180,1,0.335838
151181,0,0.037106
151187,0,0.067953
151190,0,0.025763
151192,0,0.012627
151194,0,0.007318
151195,0,0.075019
151197,1,0.602033
151198,0,0.006089
151202,1,0.461058
151203,1,0.394872
151210,0,0.031012
151213,0,0.009413
151218,0,0.113690
151225,0,0.214586
151226,0,0.017058
151227,1,0.802624
151228,0,0.027415
151229,0,0.016539
151234,0,0.045135
151237,0,0.006374
151242,0,0.314430
151243,0,0.140911
151255,1,0.520617
151256,0,0.014439
151258,0,0.020664
151263,0,0.003567
151266,0,0.006648
151271,0,0.017355
151273,1,0.368417
151274,0,0.154365
151277,0,0.024086
151280,0,0.044467
151286,0,0.174049
151290,1,0.438737
151293,0,0.004510
151296,1,0.493742
151297,0,0.017898
151301,0,0.067057
151303,0,0.207981
151304,0,0.128556
151306,0,0.017423
151308,0,0.153145
151309,0,0.037182
151312,0,0.249165
151313,0,0.026388
151315,1,0.799859
151316,1,0.612746
151324,0,0.012236
151325,0,0.255202
151326,0,0.008567
151327,1,0.326653
151332,0,0.009642
151333,0,0.187321
151334,0,0.286231
151335,0,0.011062
151336,1,0.553126
151338,0,0.097174
151339,0,0.058733
151342,1,0.419840
151344,0,0.007366
151345,0,0.003358
151348,1,0.617866
151352,0,0.006895
151353,1,0.440849
151354,0,0.012548
151356,0,0.009648
151358,0,0.027861
151360,0,0.022895
151363,0,0.068017
151368,0,0.011898
151369,1,0.625410
151370,1,0.329827
151371,0,0.007314
151374,0,0.063720
151377,0,0.032415
151379,0,0.201426
151381,0,0.026899
151383,0,0.068161
151385,0,0.007666
151388,0,0.024226
151393,0,0.016355
151394,0,0.069420
151397,0,0.003399
151400,0,0.104505
151401,0,0.007094
151404,0,0.018230
151406,0,0.014800
151407,0,0.081464
151410,0,0.115101
151414,0,0.055859
151415,0,0.049314
151418,0,0.021135
151421,0,0.009503
151423,0,0.092022
151427,0,0.219835
151430,0,0.043209
151432,0,0.134323
151433,0,0.032793
151434,0,0.032078
151438,0,0.201994
151439,0,0.052089
151440,0,0.012144
151441,0,0.021208
151444,0,0.193239
151445,0,0.003344
151451,1,0.485484
151454,1,0.685154
151455,0,0.069389
151464,0,0.024476
151465,0,0.148272
151467,0,0.273063
151468,0,0.083750
151469,0,0.018018
151471,0,0.043121
151473,1,0.348176
151475,0,0.086517
151478,0,0.029274
151479,0,0.036666
151480,0,0.006125
151484,0,0.019731
151486,0,0.013526
151487,0,0.073451
151492,0,0.029007
151500,0,0.007119
151504,0,0.035206
151508,0,0.007015
151513,1,0.665340
151514,0,0.012748
151517,0,0.011072
151518,0,0.006644
151519,0,0.011004
151520,0,0.111696
151527,0,0.271329
151528,0,0.067023
151529,1,0.491994
151530,1,0.664579
151532,0,0.229407
151539,0,0.056278
151541,0,0.020524
151542,0,0.067888
151544,0,0.019657
151545,0,0.196001
151549,0,0.069137
151553,0,0.016196
151554,0,0.063978
151561,0,0.026275
151564,0,0.007911
151567,0,0.103507
151570,0,0.027492
151572,0,0.041497
151574,0,0.321718
151575,0,0.011818
151579,0,0.079097
151580,0,0.016654
151581,1,0.389709
151582,0,0.008449
151584,0,0.215607
151589,0,0.022841
151593,0,0.019302
151594,0,0.077026
151597,1,0.471288
151599,1,0.475560
151600,0,0.072733
151605,0,0.014179
151606,0,0.006574
151609,0,0.006958
151612,0,0.026224
151615,1,0.710716
151618,0,0.063820
151621,0,0.013065
151622,0,0.028493
151624,0,0.014100
151626,0,0.027479
151631,0,0.118105
151636,0,0.022769
151637,0,0.010259
151640,0,0.013172
151642,0,0.040543
151644,0,0.158548
151645,0,0.067810
151647,0,0.053506
151648,0,0.032453
151649,0,0.003834
151650,0,0.010717
151653,0,0.028613
151654,0,0.131567
151655,0,0.008887
151657,0,0.091451
151659,0,0.055513
151660,1,0.478252
151665,0,0.028936
151666,0,0.200205
151667,0,0.207376
151672,0,0.009518
151675,0,0.240606
151676,0,0.044971
151678,1,0.714849
151681,0,0.168543
151683,0,0.230574
151685,1,0.782141
151687,0,0.076028
151691,0,0.005170
151695,0,0.043822
151697,0,0.004364
151698,0,0.021066
151700,0,0.047543
151702,0,0.035625
151703,0,0.021278
151710,0,0.028651
151712,0,0.084536
151714,0,0.211177
151715,0,0.029032
151718,0,0.015274
151725,1,0.661021
151727,0,0.003788
151728,0,0.088210
151729,0,0.016151
151732,0,0.042848
151734,0,0.023647
151738,0,0.020165
151739,0,0.250505
151742,1,0.575379
151744,0,0.098712
151751,0,0.094147
151753,0,0.266163
151759,0,0.056531
151762,0,0.109627
151763,0,0.009951
151767,0,0.025243
151770,0,0.076198
151771,1,0.378613
151772,0,0.009208
151775,0,0.022426
151776,0,0.011537
151777,1,0.649552
151781,1,0.455915
151784,0,0.075729
151785,0,0.266799
151786,0,0.044675
151787,0,0.051113
151788,0,0.028343
151789,1,0.413121
151791,0,0.004161
151792,0,0.009438
151794,0,0.102179
151796,0,0.017600
151800,0,0.093943
151801,0,0.314574
151802,1,0.387428
151809,0,0.126610
151810,0,0.081903
151814,0,0.101015
151819,0,0.027785
151820,0,0.006205
151823,0,0.057779
151824,0,0.269326
151826,1,0.435766
151827,0,0.049688
151838,1,0.450062
151842,0,0.065704
151844,1,0.485375
151846,0,0.016904
151849,0,0.016515
151851,0,0.025321
151855,0,0.037687
151856,0,0.065368
151867,0,0.002780
151868,0,0.023139
151870,0,0.022150
151871,0,0.102889
151872,0,0.146000
151874,1,0.343949
151877,0,0.042048
151881,0,0.005723
151884,0,0.037254
151893,1,0.553101
151894,1,0.479591
151895,0,0.066478
151896,0,0.005218
151902,1,0.696263
151903,0,0.190625
151905,1,0.692490
151906,0,0.007473
151907,0,0.126981
151908,0,0.198306
151910,0,0.008972
151911,0,0.108606
151918,0,0.062573
151920,0,0.123745
151921,0,0.060738
151923,1,0.456366
151928,1,0.434829
151929,0,0.108808
151930,0,0.084588
151933,0,0.009016
151937,0,0.309030
151938,0,0.008866
151939,0,0.238822
151940,0,0.036339
151945,0,0.015602
151946,0,0.077746
151947,0,0.189500
151948,0,0.065789
151949,0,0.036511
151951,0,0.124035
151952,0,0.020759
151959,0,0.055121
151962,0,0.249524
151963,0,0.007998
151965,0,0.075741
151967,0,0.050842
151969,1,0.594944
151970,0,0.084453
151973,0,0.154082
151976,0,0.205065
151981,1,0.446312
151987,0,0.007950
151988,0,0.131486
151989,0,0.099165
151990,1,0.439982
151991,0,0.280298
151994,0,0.008217
151998,0,0.080707
152000,0,0.021034
152001,0,0.014972
152003,0,0.012781
152005,0,0.095586
152006,0,0.163008
152007,0,0.291741
152008,0,0.014204
152013,0,0.012261
152014,0,0.241909
152015,0,0.029196
152016,0,0.220878
152017,1,0.560686
152020,0,0.115788
152021,0,0.096979
152022,0,0.114794
152026,0,0.175121
152027,0,0.009950
152029,0,0.009641
152030,0,0.014545
152032,0,0.137896
152039,0,0.011840
152040,1,0.393382
152046,0,0.058901
152047,0,0.004129
152048,0,0.312561
152051,0,0.040994
152055,0,0.004857
152061,0,0.014021
152062,0,0.007818
152063,1,0.498065
152065,0,0.171995
152066,0,0.141039
152067,0,0.123472
152072,0,0.244236
152074,0,0.053272
152078,0,0.020864
152079,0,0.062337
152080,0,0.014298
152081,0,0.009435
152086,0,0.164126
152087,0,0.052422
152090,0,0.040316
152091,0,0.095718
152094,0,0.034976
152098,0,0.041731
152100,0,0.191640
152101,0,0.123959
152108,0,0.006449
152111,0,0.081495
152115,0,0.025385
152119,0,0.009246
152122,0,0.065703
152130,0,0.087974
152131,0,0.194993
152132,1,0.401234
152133,0,0.040851
152134,0,0.025437
152139,0,0.024755
152147,0,0.016237
152150,0,0.164542
152151,0,0.076277
152153,0,0.005881
152157,1,0.540370
152158,0,0.032423
152159,0,0.018291
152160,1,0.475080
152161,0,0.101730
152162,1,0.374090
152164,1,0.349603
152165,0,0.086886
152168,0,0.020247
152173,0,0.008369
152174,0,0.296047
152175,0,0.081728
152177,0,0.025850
152178,0,0.014245
152179,0,0.007432
152180,0,0.014357
152181,1,0.392031
152185,0,0.309705
152186,0,0.026465
152187,0,0.052675
152188,0,0.201861
152189,0,0.062999
152193,0,0.015904
152197,0,0.161343
152198,0,0.178735
152199,0,0.149081
152202,0,0.041433
152204,0,0.137420
152205,0,0.043789
152211,0,0.322258
152216,0,0.124247
152221,0,0.029969
152222,0,0.183774
152224,0,0.028840
152225,0,0.228088
152226,0,0.009201
152231,0,0.039266
152234,0,0.013532
152235,0,0.041916
152237,0,0.006571
152239,0,0.012214
152243,0,0.043204
152246,1,0.332120
152247,0,0.268068
152248,0,0.153177
152250,0,0.054904
152253,0,0.029047
152254,0,0.260144
152255,1,0.531347
152260,0,0.006031
152261,1,0.517953
152265,0,0.300814
152270,0,0.025907
152281,0,0.166544
152282,0,0.031956
152285,0,0.081694
152290,0,0.023799
152294,1,0.482780
152296,0,0.321397
152302,0,0.016638
152303,1,0.506721
152304,0,0.151760
152305,0,0.006103
152308,1,0.547011
152310,0,0.072569
152314,0,0.235920
152316,0,0.075853
152322,0,0.050317
152325,0,0.182235
152326,0,0.134633
152332,0,0.061963
152333,0,0.102887
152335,0,0.286474
152336,0,0.013141
152337,0,0.023583
152338,0,0.070176
152341,0,0.011220
152344,0,0.043329
152346,0,0.042121
152350,0,0.015236
152351,1,0.749690
152352,0,0.026058
152353,0,0.051979
152356,0,0.008716
152357,1,0.709120
152362,0,0.021080
152363,0,0.230869
152364,0,0.302642
152365,0,0.089814
152370,0,0.030046
152371,1,0.380887
152379,0,0.131183
152380,0,0.027579
152383,0,0.151442
152389,1,0.390375
152392,0,0.011435
152393,0,0.016783
152397,0,0.038576
152398,1,0.802984
152405,0,0.005430
152410,0,0.259873
152413,0,0.089483
152414,0,0.254265
152415,0,0.151716
152416,0,0.024678
152419,0,0.030134
152427,0,0.145117
152428,0,0.086766
152429,0,0.248186
152432,0,0.265856
152433,1,0.767833
152435,1,0.358249
152436,0,0.058758
152438,1,0.406676
152439,0,0.019624
152440,0,0.062392
152444,0,0.021656
152448,0,0.082372
152450,0,0.064395
152452,0,0.014633
152453,0,0.115704
152454,0,0.088822
152459,1,0.566141
152461,0,0.119351
152463,0,0.051126
152476,0,0.012099
152480,0,0.188941
152483,0,0.004816
152485,0,0.019924
152487,0,0.024689
152493,0,0.005507
152501,0,0.318249
152502,1,0.405021
152507,0,0.076055
152515,0,0.085771
152517,1,0.692634
152519,0,0.004236
152521,0,0.017451
152523,0,0.035023
152524,1,0.414169
152525,0,0.010554
152530,0,0.053223
152534,0,0.176006
152535,0,0.011076
152539,0,0.026190
152546,0,0.033538
152547,0,0.018957
152554,0,0.044494
152557,0,0.048493
152559,0,0.005782
152562,0,0.176691
152565,0,0.004826
152566,0,0.017311
152567,0,0.005434
152569,0,0.004513
152572,0,0.090426
152573,0,0.012768
152577,0,0.054669
152583,0,0.166328
152585,0,0.004998
152586,0,0.009633
152587,0,0.025263
152589,0,0.163318
152591,1,0.476441
152597,1,0.633599
152600,0,0.015911
152601,0,0.014165
152602,0,0.016445
152604,0,0.245379
152608,0,0.011572
152613,1,0.494758
152616,0,0.247553
152619,0,0.020962
152621,0,0.040909
152622,0,0.087793
152624,0,0.191942
152627,0,0.058980
152629,0,0.037876
152632,0,0.178157
152633,1,0.470345
152635,0,0.127426
152640,1,0.637776
152643,0,0.085471
152645,0,0.041439
152647,0,0.018517
152648,0,0.048289
152649,1,0.360045
152650,1,0.702117
152652,0,0.094917
152653,0,0.046520
152655,1,0.726546
152657,1,0.785202
152661,0,0.155299
152662,0,0.040343
152665,0,0.006821
152667,0,0.101700
152674,0,0.020122
152676,0,0.019900
152677,0,0.022305
152679,0,0.011804
152680,1,0.333280
152682,0,0.008053
152685,0,0.067874
152688,0,0.111413
152690,1,0.454185
152692,0,0.084191
152693,0,0.110265
152705,1,0.589528
152706,0,0.008222
152708,0,0.012463
152709,1,0.399367
152710,0,0.014789
152711,0,0.021972
152713,0,0.085539
152715,0,0.014678
152719,0,0.012120
152720,0,0.003941
152721,0,0.004778
152723,1,0.697070
152727,0,0.011389
152728,0,0.057671
152731,0,0.199073
152733,0,0.012207
152738,0,0.005135
152739,0,0.005078
152740,0,0.116026
152741,0,0.239942
152744,0,0.213082
152749,0,0.041826
152752,0,0.079993
152754,0,0.217194
152757,0,0.010197
152760,0,0.016629
152762,0,0.025280
152763,0,0.014254
152764,0,0.222486
152765,0,0.142322
152767,0,0.027401
152772,0,0.102690
152773,0,0.053100
152774,0,0.049483
152779,0,0.165460
152785,0,0.017084
152789,1,0.653050
152792,0,0.118773
152793,0,0.031968
152794,0,0.206400
152797,0,0.021383
152799,0,0.019843
152802,0,0.007520
152804,0,0.068072
152809,0,0.127309
152811,0,0.004957
152814,0,0.198364
152815,0,0.015976
152816,0,0.115834
152818,0,0.055748
152819,0,0.005319
152821,0,0.035273
152822,0,0.047936
152825,0,0.170814
152829,0,0.011659
152830,0,0.044494
152833,0,0.061785
152836,0,0.019710
152837,1,0.874411
152839,0,0.041176
152840,0,0.042040
152841,0,0.035718
152842,0,0.021754
152848,0,0.065221
152849,0,0.021077
152851,1,0.477135
152858,0,0.054799
152862,0,0.063499
152864,0,0.012458
