142675,0,0.128022
142676,0,0.025731
142680,0,0.224998
142683,0,0.116213
142688,0,0.017782
142690,0,0.083265
142691,0,0.162512
142692,0,0.121112
142693,1,0.391814
142694,0,0.015433
142697,0,0.216680
142698,0,0.029697
142700,1,0.333998
142702,1,0.625309
142704,0,0.006029
142705,0,0.010066
142706,0,0.018783
142708,0,0.073064
142710,0,0.281411
142711,0,0.249478
142713,1,0.340322
142715,0,0.045632
142720,0,0.169744
142721,0,0.072009
142725,0,0.078482
142726,0,0.025223
142727,1,0.505778
142730,0,0.045047
142731,0,0.071930
142732,0,0.006469
142734,0,0.161142
142736,0,0.003079
142740,0,0.006981
142748,0,0.094149
142753,0,0.014883
142759,0,0.002617
142761,0,0.004082
142764,0,0.112393
142769,0,0.022558
142772,0,0.002177
142777,1,0.650495
142781,0,0.060661
142782,0,0.019998
142783,0,0.011450
142785,1,0.332192
142788,0,0.238492
142789,0,0.007590
142790,0,0.235537
142793,0,0.102564
142794,0,0.032415
142795,0,0.139799
142803,0,0.145717
142804,0,0.017658
142806,0,0.044163
142812,0,0.073759
142814,1,0.840830
142815,0,0.069938
142824,0,0.050396
142825,0,0.012341
142826,0,0.061060
142831,0,0.002668
142832,0,0.046992
142834,0,0.057633
142835,0,0.006775
142836,0,0.012865
142839,0,0.011963
142841,1,0.541192
142842,0,0.013159
142850,0,0.155215
142851,1,0.341155
142853,0,0.196268
142854,0,0.086762
142856,0,0.256871
142860,1,0.403966
142861,0,0.035457
142862,0,0.119578
142863,0,0.136284
142864,0,0.059880
142866,0,0.019048
142867,0,0.009678
142869,0,0.304997
142870,0,0.056412
142871,0,0.080647
142872,0,0.003520
142873,1,0.365735
142874,0,0.011841
142875,0,0.135856
142878,0,0.046432
142879,0,0.141654
142881,0,0.019477
142883,0,0.199743
142886,0,0.027590
142892,0,0.132523
142894,0,0.028775
142895,0,0.002305
142903,0,0.103790
142905,0,0.050560
142906,0,0.103386
142911,0,0.020533
142913,0,0.220087
142914,0,0.076110
142915,0,0.120117
142917,0,0.031342
142921,0,0.049609
142938,1,0.361134
142939,0,0.018850
142941,0,0.012473
142942,0,0.003343
142944,0,0.004746
142945,0,0.014606
142947,0,0.095452
142951,0,0.004933
142952,0,0.023137
142961,0,0.003098
142962,1,0.480725
142964,0,0.143882
142965,0,0.004634
142970,0,0.202112
142971,0,0.043002
142976,0,0.004409
142980,1,0.623218
142985,0,0.012972
142987,0,0.018854
142991,0,0.034439
142992,0,0.001459
142993,1,0.920308
142994,0,0.050195
142997,0,0.042430
142998,0,0.031089
143000,0,0.009192
143001,0,0.295836
143003,0,0.050233
143005,0,0.252106
143006,0,0.079015
143007,0,0.060518
143010,0,0.304600
143018,0,0.008208
143020,0,0.020164
143023,0,0.017834
143024,0,0.070628
143025,0,0.005115
143026,0,0.073799
143027,1,0.560896
143029,0,0.002424
143030,0,0.182774
143038,0,0.067971
143039,0,0.001792
143040,0,0.056847
143043,0,0.026054
143047,0,0.146790
143049,0,0.018789
143053,0,0.011079
143055,0,0.007795
143058,0,0.270438
143061,0,0.253421
143062,0,0.022856
143063,0,0.285204
143064,0,0.002030
143065,0,0.132695
143067,0,0.108788
143071,1,0.592202
143073,0,0.029026
143077,0,0.012055
143078,0,0.041041
143086,0,0.098336
143092,0,0.041455
143093,0,0.038908
143094,0,0.007965
143095,0,0.091387
143096,0,0.044436
143099,0,0.007265
143101,0,0.245675
143105,0,0.016915
143106,0,0.002126
143112,0,0.015305
143120,0,0.312455
143126,0,0.016764
143127,0,0.003806
143132,0,0.115059
143133,0,0.042853
143134,0,0.308093
143137,0,0.007851
143138,0,0.272222
143140,0,0.046978
143144,0,0.288524
143145,0,0.028773
143147,1,0.340983
143148,0,0.113689
143149,0,0.089680
143160,0,0.024784
143163,0,0.014906
143177,0,0.153386
143180,0,0.026365
143182,0,0.199239
143186,0,0.010041
143187,0,0.005095
143189,0,0.184826
143190,0,0.003629
143192,0,0.002565
143194,0,0.016172
143195,0,0.030774
143196,0,0.025742
143197,0,0.017522
143199,0,0.066187
143200,0,0.312816
143203,1,0.551427
143209,0,0.012801
143216,0,0.247286
143221,1,0.350617
143224,0,0.051378
143227,0,0.011226
143229,0,0.089229
143230,0,0.088643
143232,0,0.007603
143233,0,0.285403
143234,0,0.176694
143235,0,0.003750
143236,0,0.280703
143239,0,0.147016
143240,0,0.055150
143245,0,0.158210
143247,0,0.179765
143248,0,0.049759
143249,0,0.005022
143250,0,0.020434
143252,0,0.213984
143255,0,0.009621
143257,0,0.009482
143258,1,0.499550
143260,0,0.057685
143261,1,0.353518
143262,0,0.106862
143264,0,0.066826
143267,0,0.008714
143273,0,0.031202
143274,0,0.041461
143276,0,0.004869
143281,0,0.120803
143282,0,0.055611
143284,0,0.105159
143287,0,0.025912
143289,0,0.221396
143290,0,0.006328
143291,0,0.008792
143293,0,0.001539
143294,0,0.153974
143295,0,0.156541
143296,0,0.056208
143298,1,0.572572
143305,0,0.010695
143306,0,0.074678
143307,0,0.089451
143308,0,0.030074
143310,0,0.062083
143311,0,0.061053
143313,1,0.743766
143315,0,0.067751
143316,1,0.386864
143320,0,0.004640
143325,0,0.005509
143326,0,0.026652
143329,0,0.031334
143333,0,0.001548
143334,0,0.228702
143335,0,0.053198
143336,1,0.920634
143339,1,0.477040
143341,0,0.017722
143342,1,0.405689
143344,0,0.004365
143348,0,0.044426
143355,1,0.336310
143357,0,0.188501
143358,1,0.368804
143359,0,0.039120
143361,0,0.035369
143362,0,0.286681
143364,1,0.348385
143365,0,0.104447
143366,0,0.053896
143367,0,0.032579
143368,0,0.019307
143369,0,0.029818
143370,0,0.002174
143371,0,0.053556
143372,1,0.510052
143374,0,0.115999
143375,1,0.377676
143379,0,0.296391
143387,1,0.441730
143389,0,0.017053
143391,0,0.069356
143396,0,0.264485
143397,0,0.046494
143401,0,0.030469
143403,0,0.239436
143404,1,0.736797
143410,0,0.032622
143411,0,0.004739
143413,1,0.372062
143416,0,0.088510
143421,0,0.001000
143423,0,0.154716
143428,0,0.014047
143432,0,0.003076
143435,0,0.057391
143438,0,0.009700
143439,1,0.681498
143441,1,0.493947
143443,0,0.088458
143447,0,0.267723
143448,0,0.009802
143450,0,0.004559
143451,0,0.003606
143453,0,0.007380
143455,0,0.154127
143456,0,0.153587
143457,0,0.037250
143458,0,0.005688
143459,0,0.045872
143460,0,0.179391
143462,0,0.061633
143463,0,0.074730
143464,0,0.018573
143467,0,0.024457
143468,0,0.175926
143471,0,0.040825
143476,0,0.072571
143477,0,0.111518
143479,0,0.038558
143481,0,0.251556
143484,0,0.009730
143485,0,0.002099
143490,0,0.057320
143491,0,0.036959
143492,0,0.300166
143493,0,0.100362
143499,0,0.176870
143502,0,0.033655
143503,0,0.110625
143505,0,0.130112
143513,0,0.099340
143514,0,0.014288
143515,0,0.158197
143517,0,0.065190
143519,0,0.033974
143522,0,0.089554
143525,0,0.066004
143527,0,0.053183
143530,1,0.335567
143533,0,0.127711
143539,0,0.005525
143540,0,0.115133
143541,1,0.725731
143543,0,0.042853
143544,0,0.031778
143548,0,0.037224
143554,0,0.025889
143555,0,0.016563
143559,0,0.285638
143560,0,0.192381
143564,0,0.126298
143565,0,0.020205
143567,0,0.091338
143569,0,0.153021
143571,0,0.001802
143572,0,0.097840
143575,0,0.015764
143576,0,0.044478
143577,1,0.376254
143579,0,0.288355
143581,0,0.016466
143585,0,0.008333
143588,0,0.004197
143589,0,0.056626
143591,0,0.252132
143595,1,0.827463
143598,0,0.186987
143602,1,0.394303
143607,0,0.132987
143610,0,0.023164
143616,0,0.275285
143620,0,0.006500
143622,0,0.149388
143626,0,0.027773
143627,0,0.115108
143632,0,0.011761
143635,1,0.882479
143637,0,0.023161
143638,0,0.029369
143641,0,0.008197
143642,0,0.228688
143644,0,0.038029
143646,0,0.068931
143647,0,0.039729
143649,0,0.189537
143656,0,0.051472
143657,0,0.006420
143658,0,0.044802
143660,0,0.309739
143662,0,0.007114
143663,0,0.061822
143666,1,0.363336
143667,0,0.181707
143668,0,0.001000
143670,0,0.200661
143671,0,0.026191
143672,0,0.004066
143674,0,0.004652
143676,0,0.011032
143677,0,0.235359
143679,0,0.009575
143682,0,0.050679
143685,0,0.032371
143686,0,0.199089
143691,0,0.290005
143696,0,0.197653
143697,0,0.249819
143699,0,0.232403
143702,0,0.004895
143704,0,0.022333
143708,0,0.002591
143709,0,0.004538
143710,1,0.546466
143713,0,0.013890
143716,0,0.097879
143717,0,0.003770
143723,0,0.004896
143725,0,0.013823
143726,0,0.094444
143727,0,0.018240
143735,0,0.014930
143737,0,0.069417
143740,0,0.016395
143743,0,0.121292
143744,0,0.121879
143746,0,0.011477
143747,0,0.118703
143748,0,0.093873
143749,0,0.016420
143751,0,0.068998
143752,0,0.107814
143764,0,0.001893
143765,1,0.632052
143767,1,0.341623
143774,0,0.047545
143775,0,0.007837
143777,0,0.118545
143779,0,0.028135
143784,0,0.043413
143785,0,0.075230
143788,0,0.004862
143793,0,0.041313
143794,1,0.521129
143795,0,0.080334
143799,1,0.772976
143801,1,0.670738
143804,0,0.005696
143805,0,0.157078
143809,0,0.014486
143812,0,0.022606
143813,0,0.022399
143820,0,0.002946
143829,0,0.004252
143832,1,0.385384
143836,0,0.007879
143838,0,0.074387
143840,0,0.004471
143844,0,0.081496
143849,1,0.657644
143850,0,0.016103
143857,0,0.240413
143859,1,0.663150
143860,0,0.010051
143861,1,0.742436
143864,0,0.052443
143865,0,0.236219
143866,0,0.062434
143867,0,0.021615
143868,0,0.029615
143873,0,0.008270
143874,0,0.003384
143877,0,0.027580
143879,0,0.103975
143880,1,0.429401
143886,0,0.065464
143888,0,0.251508
143891,0,0.021525
143895,1,0.329845
143896,0,0.286278
143897,1,0.454066
143902,0,0.008891
143904,0,0.006723
143907,0,0.090306
143908,0,0.185272
143909,0,0.084706
143915,0,0.268164
143916,1,0.790666
143919,1,0.339893
143920,0,0.004348
143921,0,0.228588
143922,0,0.017708
143927,0,0.131891
143931,0,0.003610
143934,0,0.307625
143936,0,0.015919
143937,0,0.127194
143938,0,0.009164
143940,0,0.018985
143943,0,0.004468
143946,0,0.097624
143947,0,0.001000
143957,1,0.671080
143958,0,0.014839
143962,0,0.017853
143964,0,0.053261
143966,0,0.252996
143967,0,0.030617
143969,0,0.109926
143976,1,0.402144
143983,0,0.005578
143985,0,0.308375
143986,0,0.170745
143988,0,0.055305
143990,0,0.067942
143991,0,0.003661
143996,0,0.022841
143999,0,0.120744
144000,0,0.018939
144008,0,0.004058
144009,0,0.067248
144010,0,0.003659
144012,0,0.082839
144014,0,0.046726
144015,0,0.016402
144017,0,0.004475
144019,1,0.561048
144022,0,0.013371
144024,0,0.033545
144025,1,0.461870
144026,0,0.003480
144031,1,0.318205
144034,0,0.021002
144036,0,0.001000
144042,0,0.011041
144043,0,0.163977
144046,0,0.012898
144047,0,0.250055
144049,0,0.238161
144051,0,0.156559
144052,0,0.006358
144053,0,0.034573
144054,0,0.185775
144056,0,0.209131
144063,0,0.307734
144064,0,0.078124
144065,0,0.110358
144068,0,0.008247
144069,0,0.073835
144071,0,0.007319
144072,0,0.023635
144073,0,0.001727
144074,0,0.067631
144075,0,0.004589
144077,0,0.001946
144078,0,0.284000
144079,0,0.017884
144080,0,0.134385
144081,0,0.074532
144085,0,0.030902
144086,1,0.706366
144091,0,0.033888
144093,0,0.010911
144096,0,0.010758
144097,1,0.397856
144099,0,0.198967
144101,0,0.280249
144102,0,0.044129
144103,0,0.204133
144104,0,0.002753
144107,0,0.046096
144108,0,0.004054
144110,0,0.244556
144111,0,0.044372
144112,0,0.123777
144114,0,0.015860
144115,0,0.002188
144117,1,0.787489
144118,1,0.328972
144121,0,0.004448
144124,1,0.318532
144127,0,0.203900
144128,0,0.006376
144131,0,0.220880
144137,0,0.038858
144139,1,0.405448
144141,0,0.007793
144142,0,0.002560
144146,0,0.028968
144148,0,0.032301
144149,0,0.013837
144150,0,0.124271
144152,0,0.250537
144156,0,0.191067
144157,0,0.251615
144158,1,0.432549
144160,0,0.041621
144162,0,0.017934
144163,0,0.007565
144169,0,0.028642
144174,0,0.058770
144177,0,0.047596
144182,0,0.113462
144183,1,0.453146
144185,0,0.006734
144187,0,0.010981
144188,0,0.036629
144190,0,0.014349
144197,0,0.173856
144202,0,0.072790
144204,0,0.266133
144208,0,0.034757
144211,0,0.016940
144214,0,0.014342
144221,1,0.433731
144222,0,0.084803
144227,1,0.758125
144230,0,0.052770
144233,0,0.037895
144236,0,0.002522
144238,0,0.088316
144241,0,0.048414
144243,1,0.428281
144245,0,0.017981
144247,0,0.029892
144249,0,0.117217
144250,0,0.001185
144251,1,0.600321
144257,0,0.145655
144258,0,0.044456
144260,0,0.005329
144265,0,0.010399
144266,0,0.093699
144268,0,0.060604
144272,0,0.225669
144273,0,0.277508
144274,0,0.003413
144275,1,0.560845
144277,0,0.163547
144284,0,0.009840
144286,1,0.459399
144288,0,0.147882
144291,0,0.001532
144292,1,0.449194
144296,0,0.040387
144308,0,0.180101
144313,0,0.082781
144317,0,0.227045
144318,0,0.032065
144321,0,0.004087
144324,0,0.008782
144325,0,0.084189
144326,0,0.003935
144327,0,0.310707
144328,0,0.007732
144329,0,0.093019
144330,0,0.062610
144333,0,0.011713
144334,1,0.852192
144338,0,0.142740
144339,0,0.194422
144343,0,0.027004
144344,1,0.433804
144345,0,0.036831
144347,1,0.343840
144349,1,0.746377
144351,0,0.099225
144353,0,0.061334
144355,0,0.238507
144359,0,0.021579
144367,0,0.073346
144368,0,0.007711
144369,1,0.779825
144370,0,0.009574
144372,0,0.014894
144375,1,0.325383
144376,0,0.069614
144379,0,0.023526
144381,0,0.035235
144382,0,0.014691
144385,0,0.123112
144389,0,0.109866
144393,1,0.387399
144396,0,0.082310
144397,0,0.021276
144400,0,0.104164
144402,1,0.739250
144404,0,0.135087
144406,0,0.031244
144407,0,0.294173
144408,0,0.098974
144409,1,0.528951
144411,0,0.028435
144415,0,0.146362
144421,0,0.040661
144422,0,0.100643
144423,1,0.622521
144425,1,0.342852
144427,0,0.167960
144429,1,0.555341
144434,1,0.395516
144436,0,0.033682
144437,0,0.019860
144438,0,0.025528
144439,0,0.147805
144441,0,0.212383
144442,0,0.014715
144444,1,0.621927
144445,0,0.139593
144451,0,0.232286
144453,1,0.758746
144454,0,0.013087
144457,0,0.095894
144459,0,0.008228
144462,1,0.424492
144464,0,0.230689
144465,0,0.089355
144466,0,0.010912
144468,0,0.029641
144469,0,0.309621
144476,0,0.143408
144478,0,0.026961
144482,0,0.133258
144484,1,0.448175
144485,0,0.289485
144486,0,0.124552
144487,0,0.105920
144489,0,0.122177
144490,0,0.251010
144494,1,0.331414
144496,0,0.066952
144502,0,0.031092
144503,0,0.088047
144510,0,0.020219
144511,0,0.003626
144516,0,0.252723
144517,0,0.061821
144518,0,0.009959
144522,1,0.367740
144523,0,0.050547
144524,0,0.282925
144525,0,0.025573
144528,0,0.002138
144531,0,0.028611
144536,0,0.045123
144537,0,0.008600
144539,1,0.427819
144543,0,0.143935
144546,1,0.711230
144550,0,0.096130
144551,0,0.022660
144554,0,0.174957
144557,0,0.024538
144560,0,0.001000
144561,0,0.003001
144567,0,0.051804
144568,0,0.102066
144571,0,0.062731
144572,0,0.088333
144574,1,0.376314
144575,0,0.009556
144578,0,0.013166
144579,0,0.119812
144582,0,0.001000
144586,0,0.022899
144594,0,0.001000
144595,0,0.054205
144596,0,0.277001
144597,1,0.382381
144603,0,0.001971
144606,1,0.411459
144612,0,0.048296
144616,0,0.027624
144618,0,0.006873
144622,0,0.017014
144623,0,0.174009
144626,0,0.017475
144627,0,0.148636
144628,0,0.182052
144630,0,0.052594
144631,1,0.561183
144632,0,0.011261
144633,1,0.319226
144635,1,0.536016
144636,0,0.191688
144637,0,0.208500
144638,0,0.019765
144639,0,0.019755
144640,0,0.002315
144646,0,0.002736
144647,0,0.008170
144650,0,0.001000
144651,0,0.009352
144652,1,0.359766
144653,1,0.842760
144654,0,0.001000
144655,1,0.515567
144657,1,0.486419
144658,0,0.116013
144661,0,0.006734
144662,0,0.012680
144664,1,0.338863
144666,0,0.004007
144667,0,0.125203
144669,0,0.179651
144673,0,0.273054
144678,0,0.013971
144679,0,0.031365
144683,0,0.055441
144689,1,0.337198
144692,1,0.343069
144694,0,0.271635
144697,0,0.003036
144698,0,0.034959
144699,1,0.521256
144700,0,0.004293
144701,1,0.470743
144703,0,0.251386
144708,0,0.303127
144709,0,0.012015
144713,0,0.219972
144714,0,0.003699
144715,0,0.014814
144719,0,0.034980
144720,0,0.034832
144724,0,0.068862
144727,0,0.312076
144728,0,0.141251
144730,0,0.004310
144733,0,0.167443
144734,0,0.006074
144735,1,0.427718
144740,1,0.399560
144744,0,0.005010
144750,0,0.182775
144753,0,0.002123
144756,0,0.087488
144757,0,0.059987
144759,0,0.024862
144761,0,0.015037
144764,0,0.003022
144766,0,0.076151
144768,0,0.139489
144771,0,0.009116
144772,1,0.459991
144773,0,0.028281
144777,0,0.077387
144778,0,0.033102
144779,0,0.014830
144781,0,0.004934
144782,0,0.170537
144785,1,0.375396
144786,0,0.014717
144787,0,0.007327
144791,0,0.114562
144792,0,0.082977
144795,1,0.480885
144799,0,0.055463
144801,0,0.197211
144803,0,0.035372
144808,0,0.027456
144809,0,0.057605
144811,0,0.012623
144812,0,0.008277
144814,0,0.027133
144818,0,0.044035
144820,0,0.146984
144821,0,0.002305
144824,0,0.003870
144828,0,0.303269
144829,0,0.068099
144830,0,0.002754
144832,0,0.050432
144835,0,0.221619
144836,0,0.087902
144838,0,0.029040
144839,0,0.005083
144841,1,0.476294
144843,0,0.022335
144844,0,0.076462
144852,0,0.173632
144853,0,0.011999
144856,0,0.065690
144857,0,0.004689
144858,0,0.038304
144860,1,0.453876
144861,0,0.069377
144864,0,0.027654
144868,0,0.037665
144869,0,0.076342
144871,1,0.677258
144877,0,0.005800
144879,0,0.083156
144880,0,0.058400
144882,0,0.029037
144884,0,0.073859
144885,0,0.006708
144891,0,0.094579
144893,0,0.273225
144895,0,0.076402
144896,1,0.321196
144899,0,0.062053
144904,0,0.016822
144908,0,0.162240
144910,1,0.336938
144911,0,0.007020
144918,0,0.011201
144923,0,0.157563
144924,0,0.013847
144927,0,0.208952
144928,0,0.001418
144929,0,0.310145
144930,0,0.050837
144932,0,0.153625
144937,0,0.073381
144938,0,0.036033
144939,0,0.138793
144943,0,0.112197
144946,0,0.171631
144947,0,0.184662
144950,0,0.002816
144951,0,0.043991
144954,0,0.143939
144956,0,0.008270
144963,0,0.151578
144964,0,0.061598
144965,0,0.005228
144967,0,0.151895
144973,0,0.017579
144975,0,0.100335
144979,1,0.546548
144981,0,0.115340
144984,0,0.021108
144987,0,0.105784
144989,0,0.143264
144990,0,0.009711
144991,0,0.064457
144995,0,0.175468
144997,1,0.526149
144999,0,0.022977
145000,0,0.008856
145003,0,0.023537
145012,0,0.228721
145013,0,0.007239
145016,0,0.035490
145021,0,0.048030
145028,0,0.013041
145032,0,0.055685
145039,0,0.011679
145041,1,0.476154
145042,0,0.024726
145047,0,0.171580
145050,0,0.031578
145060,0,0.001225
145067,0,0.114066
145068,0,0.003482
145070,0,0.006325
145072,0,0.145719
145073,0,0.020750
145076,1,0.557433
145079,0,0.010660
145088,0,0.153696
145089,1,0.750847
145092,0,0.061587
145093,0,0.167436
145095,0,0.003331
145096,0,0.224382
145097,0,0.063601
145098,1,0.705073
145104,0,0.008591
145107,0,0.008487
145110,0,0.159583
145111,0,0.001436
145112,0,0.264093
145115,0,0.003916
145122,0,0.019286
145124,0,0.038908
145130,0,0.167075
145131,0,0.020585
145133,1,0.859383
145134,1,0.353648
145135,1,0.876444
145141,0,0.004961
145142,0,0.044257
145143,0,0.091855
145146,1,0.509746
145148,0,0.024395
145152,0,0.040777
145153,0,0.308057
145155,0,0.112389
145158,0,0.087970
145160,0,0.084140
145161,0,0.009919
145167,0,0.265348
145172,0,0.297539
145179,0,0.026719
145181,0,0.159485
145183,0,0.131643
145184,1,0.715029
145185,0,0.003735
145189,0,0.015622
145195,0,0.214309
145202,0,0.112204
145205,0,0.155198
145211,1,0.643586
145214,0,0.033871
145216,0,0.093287
145220,0,0.005876
145222,0,0.052846
145224,0,0.167234
145229,0,0.107001
145237,0,0.008534
145238,0,0.017683
145242,0,0.033861
145248,0,0.016881
145249,0,0.024480
145252,0,0.060824
145253,0,0.041532
145256,0,0.045286
145259,0,0.013812
145266,0,0.001000
145267,1,0.613618
145269,0,0.070978
145272,0,0.087318
145273,0,0.052698
145275,1,0.336191
145276,0,0.001000
145277,0,0.086560
145279,0,0.108125
145280,0,0.310944
145282,0,0.003210
145285,0,0.017276
145286,0,0.006169
145287,0,0.009581
145289,0,0.028288
145290,0,0.165084
145291,0,0.112494
145296,0,0.002941
145297,0,0.020483
145302,0,0.270106
145311,0,0.001491
145312,0,0.002835
145314,0,0.200041
145320,0,0.003681
145322,0,0.007874
145324,0,0.017612
145325,0,0.001896
145326,1,0.808824
145327,0,0.179365
145328,0,0.006666
145329,0,0.076878
145330,0,0.007999
145331,0,0.058036
145335,0,0.089537
145343,0,0.037872
145355,0,0.002014
145357,1,0.548363
145360,0,0.246020
145361,1,0.370099
145363,0,0.019582
145364,0,0.095461
145365,1,0.619387
145366,1,0.423899
145368,0,0.116576
145378,0,0.246455
145379,0,0.041203
145380,0,0.192058
145381,0,0.077250
145382,0,0.008784
145384,0,0.034026
145385,0,0.016650
145387,0,0.208360
145390,0,0.004697
145392,1,0.422404
145402,0,0.163211
145414,0,0.186061
145418,0,0.123413
145420,1,0.529867
145422,0,0.191467
145427,0,0.052928
145428,0,0.074064
145429,1,0.595959
145431,0,0.137040
145433,0,0.266527
145434,0,0.001123
145435,0,0.061479
145436,1,0.620965
145437,0,0.157213
145439,0,0.066620
145442,1,0.582753
145445,0,0.003445
145447,0,0.187138
145448,0,0.063794
145455,0,0.018305
145456,0,0.161464
145458,0,0.012402
145459,0,0.040130
145463,1,0.417673
145466,0,0.265300
145468,0,0.001483
145477,0,0.024405
145479,0,0.094225
145483,0,0.050477
145484,0,0.295838
145488,0,0.023255
145491,0,0.011840
145498,0,0.023162
145502,0,0.005015
145512,0,0.209808
145513,0,0.004976
145518,0,0.034613
145519,0,0.030422
145522,0,0.022858
145524,0,0.030561
145530,0,0.010081
145531,0,0.073383
145533,0,0.236693
145537,0,0.090497
145541,1,0.723511
145543,0,0.013158
145544,1,0.639265
145548,1,0.396474
145549,0,0.003744
145550,0,0.011952
145559,0,0.209582
145562,1,0.754331
145563,0,0.019595
145567,0,0.204765
145568,0,0.026071
145570,0,0.055488
145571,0,0.007040
145576,0,0.160956
145577,0,0.080316
145579,0,0.150334
145580,0,0.026258
145583,0,0.012432
145584,0,0.271085
145591,0,0.004561
145592,0,0.175581
145594,0,0.119014
145595,1,0.330429
145597,0,0.002477
145598,0,0.011726
145600,1,0.475314
145603,0,0.004925
145604,0,0.004362
145608,0,0.032422
145610,0,0.035323
145611,0,0.065508
145614,0,0.175252
145620,1,0.317328
145621,0,0.194320
145624,0,0.100281
145626,0,0.142130
145629,0,0.042160
145632,0,0.230503
145637,0,0.003318
145640,0,0.030293
145641,0,0.007130
145642,1,0.400394
145643,0,0.020173
145648,1,0.799795
145654,0,0.027883
145656,1,0.451966
145657,0,0.029269
145659,1,0.332747
145660,0,0.136603
145662,0,0.026406
145663,0,0.042229
145669,0,0.045468
145670,0,0.035426
145675,0,0.009924
145677,0,0.294625
145680,0,0.132741
145681,0,0.084227
145682,1,0.803672
145689,0,0.022318
145690,1,0.688713
145691,0,0.023360
145692,0,0.015269
145693,0,0.039100
145694,0,0.277061
145695,0,0.272258
145696,0,0.127260
145697,0,0.271231
145698,0,0.003698
145701,1,0.419860
145703,0,0.304712
145706,0,0.089741
145713,0,0.002009
145717,0,0.016479
145723,0,0.073328
145726,0,0.054912
145729,0,0.036213
145734,0,0.012626
145736,0,0.120865
145742,0,0.007894
145744,1,0.718377
145745,0,0.112511
145748,0,0.024903
145755,0,0.047461
145757,0,0.205755
145762,0,0.055832
145764,0,0.009888
145769,0,0.001488
145770,0,0.093581
145771,0,0.011843
145774,1,0.571579
145782,0,0.007657
145784,1,0.324281
145785,1,0.447959
145786,0,0.026522
145789,1,0.506073
145795,0,0.224137
145796,0,0.009602
145799,0,0.026802
145801,0,0.045771
145802,0,0.199283
145803,0,0.015036
145807,0,0.161605
145810,0,0.224877
145811,0,0.022525
145812,1,0.665888
145815,0,0.004285
145820,0,0.115100
145823,1,0.555379
145824,0,0.189159
145834,0,0.056768
145836,0,0.186484
145839,1,0.401357
145840,1,0.854719
145844,1,0.405171
145845,1,0.659923
145848,0,0.229213
145851,0,0.258447
145854,0,0.085150
145858,0,0.118638
145862,0,0.050885
145863,0,0.032344
145864,0,0.118618
145865,1,0.507923
145866,0,0.011407
145877,0,0.029087
145878,0,0.135330
145879,0,0.011130
145882,0,0.034081
145884,1,0.447157
145885,1,0.637371
145887,0,0.004531
145890,0,0.002555
145892,0,0.184295
145895,1,0.469441
145897,0,0.004372
145898,0,0.110138
145899,0,0.003491
145900,0,0.008992
145905,0,0.036167
145906,0,0.015972
145907,0,0.012024
145909,0,0.016484
145911,0,0.002948
145913,0,0.017410
145914,0,0.014470
145917,0,0.008852
145918,0,0.015203
145920,0,0.027498
145926,0,0.056000
145930,1,0.507070
145933,0,0.013737
145938,0,0.001000
145939,0,0.259984
145942,0,0.001243
145946,0,0.013929
145947,0,0.014705
145948,0,0.100847
145950,0,0.113106
145952,1,0.439005
145954,0,0.007182
145957,0,0.045448
145958,0,0.019274
145959,0,0.022484
145962,0,0.072640
145963,1,0.402700
145964,0,0.155139
145972,0,0.088272
145973,0,0.083803
145976,0,0.169908
145977,0,0.126652
145982,0,0.145595
145983,0,0.008896
145984,0,0.014865
145990,0,0.032211
145992,0,0.006104
145994,0,0.023937
145996,0,0.064443
145997,0,0.224563
146001,0,0.001359
146003,0,0.141466
146007,0,0.004625
146009,1,0.575185
146011,0,0.043337
146013,1,0.403136
146016,0,0.002940
146017,1,0.479612
146018,1,0.560422
146022,0,0.080592
146025,0,0.036342
146026,0,0.136669
146027,0,0.211953
146033,0,0.035013
146034,0,0.132738
146038,0,0.258948
146041,0,0.007524
146043,0,0.040648
146044,0,0.097107
146045,0,0.060291
146046,0,0.007703
146048,0,0.080434
146049,0,0.027306
146052,0,0.046324
146054,0,0.040957
146056,1,0.332013
146059,0,0.148067
146060,0,0.059593
146062,0,0.003212
146063,0,0.023472
146065,0,0.026888
146066,0,0.005960
146068,0,0.159158
146071,0,0.100585
146073,0,0.277109
146075,0,0.002323
146077,0,0.263768
146078,0,0.249950
146080,0,0.111844
146083,0,0.195123
146087,0,0.144251
146088,0,0.275504
146090,0,0.006299
146092,0,0.019861
146094,0,0.010235
146096,0,0.025089
146098,0,0.133239
146101,0,0.009252
146107,1,0.682140
146108,0,0.057113
146109,0,0.003997
146113,1,0.907425
146115,0,0.133754
146117,0,0.214245
146119,0,0.081062
146121,1,0.679918
146124,0,0.080578
146126,0,0.015379
146127,0,0.178037
146130,0,0.117007
146131,0,0.097454
146134,0,0.006487
146135,1,0.449608
146136,0,0.012341
146138,1,0.747223
146143,0,0.064766
146148,0,0.043697
146150,0,0.302141
146151,0,0.006404
146153,0,0.027173
146155,0,0.026412
146159,0,0.007157
146164,0,0.029251
146165,0,0.299574
146166,0,0.011251
146169,0,0.061499
146175,0,0.091521
146176,0,0.028434
146178,0,0.095264
146180,0,0.284922
146183,0,0.056583
146186,0,0.077604
146190,0,0.032390
146191,0,0.005833
146193,0,0.007072
146196,0,0.001530
146199,0,0.036856
146205,0,0.301315
146206,0,0.044716
146208,0,0.047898
146210,0,0.004986
146211,0,0.002715
146212,0,0.094708
146214,0,0.013725
146216,0,0.012559
146218,0,0.012584
146219,0,0.253363
146221,0,0.038927
146223,0,0.013090
146227,1,0.361924
146228,0,0.184448
146230,0,0.111393
146232,0,0.091648
146233,0,0.058924
146234,1,0.370579
146236,1,0.436203
146238,0,0.211372
146243,0,0.001392
146246,0,0.224274
146252,0,0.135081
146254,0,0.059968
146256,0,0.007065
146260,0,0.015241
146262,0,0.175596
146263,0,0.157434
146267,0,0.005718
146269,1,0.572788
146270,0,0.001097
146271,0,0.031318
146272,0,0.005016
146273,1,0.421668
146274,0,0.236072
146279,0,0.029525
146281,0,0.001000
146283,0,0.017449
146288,0,0.212056
146289,0,0.093478
146291,0,0.013259
146293,0,0.056239
146303,0,0.039478
146305,0,0.013532
146306,0,0.007044
146308,0,0.053185
146309,0,0.009704
146314,0,0.018424
146317,0,0.055556
146318,0,0.002302
146319,0,0.021442
146320,0,0.070473
146321,1,0.619966
146322,0,0.162698
146327,0,0.093700
146329,0,0.267057
146330,0,0.061401
146332,0,0.019047
146334,0,0.041570
146337,0,0.019728
146342,0,0.195051
146345,0,0.014110
146349,0,0.015172
146350,0,0.140458
146351,0,0.036582
146352,0,0.051108
146353,0,0.039966
146360,0,0.070742
146362,0,0.247473
146365,0,0.150077
146367,0,0.139087
146369,0,0.001000
146373,0,0.005463
146374,0,0.110405
146376,0,0.011133
146377,0,0.072013
146384,0,0.052330
146386,0,0.060557
146387,0,0.010678
146389,0,0.012396
146391,0,0.007554
146394,0,0.258883
146395,0,0.003903
146397,1,0.493411
146398,0,0.257301
146399,1,0.364804
146400,0,0.014035
146401,0,0.092178
146402,0,0.158096
146404,0,0.001000
146407,0,0.273799
146413,0,0.083017
146415,0,0.120776
146417,0,0.082262
146421,1,0.393846
146431,0,0.120161
146433,1,0.545496
146436,1,0.540833
146439,0,0.056717
146442,1,0.688849
146444,1,0.400228
146448,0,0.208971
146453,0,0.002227
146454,1,0.410276
146456,0,0.021321
146459,0,0.189527
146460,0,0.233044
146466,1,0.701782
146467,0,0.060506
146472,0,0.235529
146475,0,0.106042
146476,0,0.119900
146477,0,0.058312
146480,0,0.002879
146483,0,0.135372
146485,1,0.384235
146489,0,0.143056
146490,1,0.455743
146492,0,0.002870
146494,0,0.070341
146496,0,0.009765
146497,0,0.085059
146498,0,0.015301
146499,0,0.003723
146500,0,0.008766
146501,0,0.035053
146502,0,0.062108
146505,0,0.312520
146507,0,0.107495
146508,0,0.152389
146509,0,0.097869
146510,0,0.130021
146511,0,0.061860
146513,0,0.160068
146515,0,0.142124
146522,0,0.029894
146523,0,0.042039
146524,0,0.011314
146529,1,0.771396
146531,0,0.038685
146536,1,0.426089
146537,0,0.037032
146541,0,0.005702
146551,0,0.188485
146552,0,0.039727
146554,0,0.015744
146557,1,0.697594
146558,0,0.024752
146559,0,0.086362
146563,0,0.146281
146565,0,0.300324
146567,0,0.052088
146568,0,0.041368
146569,0,0.020030
146570,0,0.036315
146571,0,0.111983
146573,1,0.495033
146574,1,0.485517
146575,0,0.082333
146576,0,0.258487
146579,0,0.021385
146585,0,0.001286
146588,1,0.409587
146593,0,0.156405
146595,0,0.005297
146598,1,0.472869
146601,1,0.425842
146602,0,0.035781
146604,0,0.103511
146606,0,0.001915
146607,0,0.015934
146608,0,0.004900
146613,0,0.002019
146614,1,0.413959
146615,0,0.033244
146616,0,0.003739
146618,0,0.100608
146621,0,0.003647
146623,0,0.084174
146625,0,0.217905
146628,0,0.005856
146630,1,0.489425
146632,0,0.031070
146633,0,0.089825
146637,0,0.005850
146638,1,0.472045
146639,0,0.010443
146642,0,0.021402
146643,1,0.451309
146644,0,0.178735
146646,1,0.325360
146652,0,0.082767
146653,0,0.005678
146656,1,0.400521
146658,0,0.012220
146664,0,0.006290
146665,0,0.236569
146666,0,0.078604
146667,1,0.555430
146671,0,0.281221
146672,0,0.020173
146674,0,0.112972
146676,0,0.201190
146677,0,0.007243
146683,0,0.033385
146684,1,0.565209
146685,0,0.101922
146686,0,0.177745
146687,1,0.542619
146688,0,0.009282
146691,0,0.079264
146697,0,0.248479
146701,0,0.117256
146705,0,0.094479
146712,0,0.007686
146717,0,0.104039
146718,0,0.043444
146719,1,0.396733
146721,0,0.172717
146723,0,0.069330
146725,0,0.013135
146727,0,0.028285
146729,1,0.536429
146730,0,0.001773
146731,0,0.106894
146738,0,0.037938
146742,1,0.445741
146745,0,0.004825
146749,0,0.110486
146752,0,0.002486
146756,0,0.150829
146757,0,0.022429
146762,0,0.048770
146765,1,0.325252
146767,0,0.103851
146770,0,0.127289
146771,0,0.067237
146776,0,0.039861
146777,0,0.215585
146779,0,0.139035
146780,0,0.254408
146784,0,0.020217
146785,0,0.004635
146790,0,0.062152
146791,0,0.004838
146794,0,0.015939
146795,0,0.117966
146801,0,0.018036
146802,0,0.013935
146804,0,0.003921
146807,0,0.005046
146809,0,0.297913
146816,1,0.523071
146822,1,0.586195
146825,0,0.042024
146828,1,0.519165
146832,0,0.043850
146833,0,0.226378
146834,0,0.032108
146836,0,0.002068
146837,0,0.147799
146838,0,0.010119
146839,0,0.044691
146840,0,0.109679
146841,0,0.201137
146843,0,0.004127
146845,0,0.004118
146846,0,0.005003
146848,0,0.001255
146853,0,0.013138
146854,1,0.579656
146855,0,0.121641
146856,1,0.503079
146865,0,0.011312
146869,0,0.011298
146873,0,0.002924
146876,0,0.069361
146879,0,0.004271
146881,0,0.062224
146882,0,0.007812
146884,0,0.038285
146885,0,0.001000
146889,0,0.164093
146890,0,0.001772
146892,0,0.199358
146893,0,0.005497
146894,0,0.070765
146896,0,0.050379
146899,0,0.041615
146905,1,0.423167
146910,0,0.040965
146911,0,0.200347
146912,0,0.174884
146915,0,0.017781
146918,1,0.378727
146922,0,0.021216
146923,0,0.105805
146924,0,0.067115
146925,0,0.097621
146928,0,0.204561
146938,0,0.004608
146939,1,0.323682
146944,1,0.461787
146945,0,0.203353
146947,0,0.093681
146949,1,0.315103
146951,0,0.025161
146953,0,0.072117
146954,0,0.065693
146955,0,0.026845
146957,0,0.107651
146959,1,0.846934
146963,0,0.181265
146965,0,0.084133
146967,0,0.130621
146968,0,0.011034
146969,1,0.366478
146972,0,0.065331
146975,1,0.680982
146977,0,0.018014
146981,0,0.172685
146983,0,0.239020
146984,0,0.003005
146988,0,0.003371
146989,0,0.143765
146993,0,0.026937
146996,0,0.023717
146997,1,0.485690
146999,0,0.023219
147002,0,0.018541
147003,1,0.584263
147005,0,0.020981
147006,0,0.096384
147009,0,0.142840
147015,0,0.014274
147018,0,0.117354
147022,0,0.018949
147023,0,0.014144
147024,0,0.204738
147025,0,0.269927
147026,0,0.004087
147027,1,0.761731
147029,0,0.117839
147032,0,0.006541
147033,1,0.636283
147034,0,0.021512
147035,0,0.128419
147040,0,0.020068
147043,0,0.018260
147045,1,0.712954
147046,0,0.049121
147048,0,0.230153
147050,0,0.305250
147051,0,0.033663
147053,1,0.697134
147056,1,0.347400
147057,0,0.001696
147062,0,0.045106
147072,0,0.118370
147077,1,0.377690
147079,0,0.215932
147082,0,0.004461
147083,0,0.147433
147088,0,0.313083
147089,0,0.013819
147092,0,0.030190
147093,0,0.151667
147094,0,0.051957
147097,0,0.012131
147100,0,0.004924
147101,0,0.160149
147110,0,0.003327
147112,0,0.024341
147116,0,0.159504
147117,0,0.009320
147118,0,0.135765
147119,0,0.199706
147126,0,0.037173
147129,1,0.332621
147130,0,0.101516
147132,0,0.046397
147134,1,0.561745
147135,1,0.708890
147137,1,0.845572
147141,0,0.006227
147153,1,0.450479
147157,0,0.204200
147159,0,0.273811
147161,1,0.320896
147162,0,0.052391
147168,1,0.423397
147169,0,0.049665
147172,0,0.004685
147173,1,0.399795
147174,0,0.156129
147175,1,0.696911
147177,0,0.174342
147179,0,0.070581
147181,0,0.043379
147182,0,0.123307
147183,0,0.136796
147184,0,0.002152
147187,0,0.190106
147191,0,0.099972
147194,0,0.292419
147195,0,0.003613
147199,0,0.001442
147200,0,0.093783
147201,0,0.004265
147202,0,0.015372
147204,0,0.137450
147206,0,0.014495
147207,0,0.228588
147209,0,0.110140
147210,0,0.005456
147212,0,0.223409
147213,0,0.109031
147214,0,0.023286
147216,0,0.002749
147218,1,0.328683
147219,0,0.025455
147221,0,0.007172
147225,1,0.376173
147226,0,0.007207
147227,0,0.166208
147233,0,0.080042
147235,1,0.511829
147240,0,0.073460
147254,0,0.002419
147256,0,0.134217
147262,0,0.021710
147265,0,0.005192
147266,0,0.014620
147269,0,0.152410
147274,0,0.127487
147276,0,0.013141
147279,0,0.155451
147280,0,0.050216
147282,0,0.001578
147283,0,0.040792
147292,0,0.242150
147298,0,0.173500
147299,0,0.106496
147305,0,0.213154
147312,0,0.061920
147317,0,0.015760
147323,1,0.461649
147324,0,0.196215
147325,1,0.440603
147326,0,0.045383
147328,0,0.060151
147333,0,0.157919
147334,0,0.149742
147335,0,0.301523
147338,1,0.506954
147339,0,0.257122
147344,0,0.058502
147353,0,0.089795
147354,0,0.026923
147356,0,0.007097
147357,0,0.171801
147358,0,0.020818
147359,0,0.010821
147363,0,0.106579
147365,0,0.061491
147369,0,0.115162
147374,0,0.089341
147375,0,0.003208
147378,0,0.057650
147379,1,0.321740
147380,0,0.290388
147381,0,0.005230
147386,1,0.655945
147389,0,0.069598
147393,1,0.384780
147394,0,0.013118
147395,0,0.153804
147397,0,0.001242
147407,0,0.031214
147408,0,0.063165
147409,0,0.213052
147414,0,0.003581
147415,1,0.762751
147416,0,0.022067
147421,1,0.592797
147423,0,0.208864
147425,0,0.178816
147426,0,0.149027
147430,0,0.117939
147431,0,0.012596
147432,0,0.006940
147433,0,0.013176
147434,1,0.616585
147438,1,0.966355
147439,0,0.004456
147441,0,0.262981
147443,0,0.064075
147445,0,0.054697
147447,0,0.034794
147450,0,0.074788
147451,0,0.216615
147452,0,0.017505
147456,0,0.012138
147458,1,0.557170
147459,0,0.041781
147461,0,0.007130
147463,0,0.010825
147465,0,0.042915
147472,0,0.062016
147474,0,0.001000
147475,0,0.114262
147478,0,0.012821
147482,0,0.010397
147487,0,0.268299
147490,0,0.043662
147494,0,0.219787
147498,0,0.044492
147500,0,0.007574
147503,0,0.054302
147506,0,0.025372
147507,0,0.126321
147509,0,0.049244
147510,0,0.015961
147511,0,0.286246
147514,0,0.042630
147517,0,0.034245
147525,1,0.501960
147529,0,0.030974
147531,0,0.078353
147538,0,0.194813
147540,0,0.023113
147542,0,0.001000
147545,0,0.213352
147551,0,0.074751
147553,0,0.063786
147555,0,0.090573
147556,0,0.118195
147559,0,0.011397
147560,0,0.009896
147561,0,0.002667
147565,0,0.007152
147566,0,0.066866
147570,0,0.003354
147572,1,0.377262
147573,0,0.077802
147577,0,0.083683
147582,0,0.178120
147589,0,0.130766
147593,0,0.099722
147598,0,0.020646
147599,0,0.004143
147601,0,0.130438
147602,0,0.035542
147603,1,0.822425
147605,1,0.528610
147609,1,0.480086
147612,0,0.043960
147613,0,0.207105
147618,0,0.023957
147619,0,0.002620
147622,0,0.205573
147623,0,0.009435
147625,0,0.003229
147629,0,0.001000
147630,0,0.007080
147636,0,0.015479
147638,0,0.118395
147639,0,0.293096
147642,0,0.046001
147647,0,0.115147
147649,0,0.015943
147651,0,0.258067
147653,0,0.261940
147660,0,0.059693
147664,0,0.005620
147667,0,0.039511
147670,1,0.402144
147671,0,0.061612
147672,0,0.049143
147676,0,0.004985
147678,0,0.001336
147681,0,0.006190
147682,0,0.099937
147686,1,0.345619
147691,1,0.542595
147692,0,0.288261
147694,0,0.222728
147699,0,0.286141
147700,1,0.455302
147702,0,0.013175
147703,1,0.541508
147705,0,0.001897
147706,0,0.005705
147713,0,0.009836
147716,0,0.073776
147717,0,0.033445
147718,0,0.007612
147720,0,0.110501
147723,0,0.013722
147726,1,0.320667
147727,0,0.021419
147728,0,0.042495
147729,0,0.092456
147732,0,0.011820
147733,0,0.024378
147734,1,0.467591
147736,0,0.074104
147742,0,0.038931
147753,1,0.734572
147758,0,0.005578
147759,1,0.646111
147761,0,0.171758
147767,0,0.130158
147768,0,0.006516
147771,0,0.007983
147774,0,0.001294
147775,0,0.187692
147777,0,0.056768
147782,0,0.021006
147791,0,0.003172
147796,0,0.009860
147798,0,0.004180
147799,0,0.001248
147802,0,0.240619
147804,1,0.354656
147807,0,0.025998
147813,0,0.007052
147815,0,0.007626
147819,0,0.002564
147822,0,0.009507
147823,0,0.014809
147825,0,0.172175
147833,0,0.028359
147836,1,0.364282
147837,0,0.010036
147838,0,0.012115
147843,0,0.088067
147844,0,0.292509
147845,0,0.053868
147848,1,0.430124
147854,0,0.158016
147855,0,0.036674
147856,0,0.081947
147858,0,0.002646
147859,0,0.168564
147862,0,0.069979
147863,0,0.012116
147868,1,0.380057
147870,0,0.042243
147871,1,0.467832
147873,0,0.132441
147875,0,0.023311
147876,0,0.119894
147877,0,0.004692
147887,1,0.477069
147892,0,0.007989
147893,0,0.009250
147904,1,0.423315
147905,1,0.488995
147906,0,0.011310
147909,0,0.026207
147911,0,0.021808
147912,0,0.009570
147915,0,0.305504
147917,0,0.003363
147918,0,0.006999
147920,0,0.030463
147921,0,0.036989
147923,0,0.005007
147924,0,0.097369
147926,0,0.006031
147934,1,0.442652
147936,0,0.034338
147937,0,0.083196
147939,0,0.029822
147944,0,0.018969
147947,0,0.162983
147948,0,0.197271
147950,0,0.050199
147951,0,0.002653
147952,0,0.002603
147955,0,0.057973
147958,0,0.006457
147960,0,0.002279
147961,0,0.001000
147962,0,0.142895
147965,0,0.005783
147971,0,0.055695
147974,0,0.136314
147977,0,0.086903
147979,0,0.011284
147983,0,0.002820
147984,0,0.106343
147986,0,0.246739
147987,0,0.037459
147992,1,0.456840
147994,0,0.192675
147996,1,0.386923
148002,0,0.123726
148005,0,0.003677
148007,0,0.074982
148008,0,0.001879
148009,0,0.008083
148017,0,0.095043
148020,0,0.004619
148023,0,0.002267
148025,0,0.057964
148028,0,0.117965
148029,0,0.001000
148031,0,0.213358
148032,0,0.048973
148035,0,0.001781
148037,0,0.045089
148040,1,0.644614
148042,0,0.086583
148043,0,0.032287
148046,0,0.010296
148047,0,0.019498
148054,0,0.031259
148057,1,0.383448
148058,0,0.163481
148059,0,0.113464
148063,0,0.129227
148064,0,0.306397
148066,1,0.751227
148067,0,0.261767
148073,0,0.008499
148074,0,0.025057
148077,0,0.128654
148079,0,0.014087
148082,0,0.013688
148088,0,0.010722
148092,0,0.023863
148094,0,0.002155
148095,0,0.119940
148096,0,0.186887
148097,1,0.396800
148102,0,0.030948
148104,1,0.355538
148105,1,0.623756
148106,0,0.015639
148107,1,0.974698
148108,0,0.048888
148111,0,0.005546
148112,0,0.140809
148114,0,0.010875
148118,0,0.017290
148119,0,0.010403
148124,0,0.011750
148129,0,0.031408
148130,0,0.104269
148132,0,0.021987
148137,0,0.203358
148138,0,0.009277
148143,0,0.253444
148144,0,0.237323
148150,0,0.273865
148151,1,0.334336
148155,0,0.100142
148157,1,0.477100
148163,0,0.013216
148165,0,0.067983
148167,0,0.011692
148170,0,0.070897
148171,0,0.002217
148175,0,0.032132
148176,0,0.052988
148179,0,0.014599
148182,0,0.002136
148184,1,0.766928
148186,0,0.244691
148187,0,0.012863
148191,0,0.196318
148195,1,0.525967
148199,0,0.040606
148202,0,0.184557
148203,0,0.090885
148206,0,0.050011
148207,1,0.764400
148212,0,0.025248
148213,0,0.108248
148214,0,0.062196
148215,0,0.010871
148218,0,0.070530
148219,1,0.318159
148220,1,0.384314
148222,0,0.003584
148227,0,0.011098
148228,1,0.800852
148230,0,0.119049
148235,0,0.012974
148238,0,0.007962
148241,0,0.004853
148242,0,0.007815
148249,1,0.743633
148251,1,0.365219
148253,1,0.462922
148256,0,0.149937
148257,0,0.011975
148259,0,0.307190
148260,1,0.454449
148261,0,0.026152
148266,0,0.013118
148268,0,0.190990
148269,0,0.273630
148272,0,0.052649
148276,0,0.018146
148278,0,0.163579
148279,0,0.150401
148280,0,0.036754
148284,0,0.298494
148286,0,0.204816
148289,0,0.118043
148290,1,0.347967
148291,0,0.245515
148300,0,0.005367
148302,1,0.818004
148303,0,0.161422
148304,0,0.284795
148306,1,0.319351
148307,1,0.627457
148308,0,0.092917
148309,1,0.692740
148310,0,0.049416
148313,1,0.355360
148314,0,0.063783
148315,1,0.722824
148317,0,0.011841
148319,0,0.022508
148323,0,0.090577
148325,0,0.015415
148327,0,0.021327
148328,0,0.294700
148331,0,0.059139
148333,0,0.020739
148334,0,0.025511
148335,0,0.079916
148336,0,0.264768
148337,0,0.008568
148339,0,0.029100
148348,1,0.583058
148350,0,0.122705
148351,1,0.527352
148353,0,0.283414
148354,0,0.150023
148358,0,0.016982
148359,1,0.990987
148361,0,0.106361
148362,0,0.092379
148364,0,0.144998
148365,0,0.151667
148370,0,0.019845
148375,0,0.002623
148376,0,0.079259
148382,0,0.001488
148388,0,0.023416
148390,0,0.193304
148391,0,0.030269
148394,0,0.004884
148396,0,0.026210
148397,0,0.013187
148404,0,0.047217
148405,0,0.015589
148406,0,0.001788
148408,0,0.112651
148409,0,0.123855
148410,0,0.023970
148411,1,0.360542
148413,0,0.074749
148414,0,0.094395
148422,1,0.378233
148424,0,0.058769
148425,0,0.020145
148426,0,0.022140
148436,0,0.002798
148437,0,0.084025
148440,0,0.004467
148442,0,0.115822
148444,0,0.118005
148449,0,0.033327
148450,0,0.085260
148452,0,0.024873
148455,0,0.039087
148456,0,0.076767
148458,1,0.347477
148459,0,0.219105
148461,1,0.393409
148463,1,0.403724
148464,0,0.096121
148465,0,0.175908
148467,1,0.526556
148469,0,0.004461
148471,0,0.058608
148472,0,0.268188
148473,0,0.037787
148474,0,0.020923
148479,0,0.010243
148480,0,0.073572
148482,0,0.104216
148484,0,0.007629
148485,0,0.284462
148486,0,0.009423
148487,0,0.012284
148489,1,0.593943
148491,0,0.002365
148493,0,0.045132
148494,1,0.519999
148495,0,0.002785
148497,0,0.121483
148501,0,0.006364
148507,0,0.038754
148511,0,0.029637
148512,1,0.458562
148513,0,0.036826
148514,0,0.108573
148515,0,0.005742
148516,0,0.007794
148520,0,0.022006
148523,0,0.082480
148524,0,0.110008
148526,0,0.002380
148530,0,0.263041
148533,0,0.012390
148535,0,0.057937
148539,0,0.016469
148540,0,0.009242
148546,0,0.087698
148549,0,0.183827
148550,0,0.210305
148555,0,0.015138
148557,0,0.022499
148558,0,0.247958
148559,0,0.022921
148564,0,0.009641
148572,0,0.020918
148573,1,0.671385
148574,0,0.016708
148577,0,0.053357
148580,0,0.001168
148583,1,0.330003
148584,0,0.045565
148586,1,0.484568
148587,0,0.012894
148591,0,0.001864
148595,0,0.009618
148596,0,0.253896
148597,0,0.037755
148598,0,0.088705
148602,0,0.051530
148605,1,0.879263
148606,0,0.029280
148607,0,0.043871
148609,0,0.016781
148610,0,0.003669
148611,0,0.218072
148614,0,0.035414
148617,0,0.159550
148619,0,0.021509
148630,0,0.075254
148631,1,0.347703
148633,0,0.204712
148634,0,0.005082
148636,0,0.001301
148639,0,0.155797
148640,0,0.120854
148641,0,0.008189
148646,0,0.021026
148652,0,0.013148
148655,0,0.131155
148657,0,0.292271
148658,0,0.007432
148662,0,0.032322
148663,0,0.198134
148664,0,0.043079
148665,0,0.005684
148666,0,0.005343
148667,0,0.030788
148670,0,0.204084
148674,1,0.367556
148675,0,0.081142
148676,1,0.337976
148678,0,0.003084
148679,0,0.149367
148681,0,0.007643
148684,0,0.029905
148688,0,0.057779
148689,0,0.004987
148694,0,0.032524
148696,0,0.071632
148701,0,0.029168
148703,0,0.014987
148707,0,0.169267
148708,0,0.042390
148709,0,0.100250
148710,0,0.096097
148712,0,0.029191
148719,0,0.002396
148720,0,0.086161
148722,0,0.304456
148723,0,0.124910
148724,0,0.013153
148727,1,0.694325
148729,0,0.008793
148731,0,0.053242
148733,0,0.004336
148734,1,0.727472
148736,0,0.302281
148737,0,0.298264
148741,0,0.003767
148744,1,0.448216
148746,0,0.050512
148751,0,0.015058
148756,0,0.054702
148758,1,0.315710
148759,0,0.193698
148760,0,0.044137
148762,0,0.001000
148763,0,0.038251
148765,0,0.006402
148767,0,0.275323
148770,0,0.282219
148771,0,0.175582
148775,0,0.044152
148776,0,0.198806
148781,0,0.001799
148782,0,0.003600
148785,0,0.017852
148787,1,0.489576
148788,0,0.013395
148790,0,0.037204
148792,0,0.002636
148793,0,0.287703
148795,0,0.004711
148796,0,0.003262
148798,0,0.010251
148800,0,0.003283
148803,1,0.411718
148806,0,0.002604
148807,1,0.492409
148810,1,0.469681
148811,0,0.064768
148814,0,0.037333
148815,0,0.038760
148816,1,0.336135
148817,0,0.001000
148818,0,0.006912
148820,0,0.011053
148821,0,0.067348
148823,0,0.103289
148827,0,0.183312
148831,0,0.014325
148836,0,0.109036
148838,0,0.220434
148841,0,0.063629
148843,1,0.317897
148844,0,0.004242
148845,0,0.296734
148848,0,0.032999
148852,0,0.036691
148856,0,0.194885
148859,0,0.002153
148861,0,0.012306
148866,0,0.110655
148867,0,0.274548
148874,1,0.323456
148875,0,0.010602
148878,0,0.017837
148882,0,0.001193
148884,0,0.222860
148889,1,0.357923
148891,0,0.229575
148893,0,0.227558
148896,1,0.922061
148904,0,0.132387
148905,0,0.039857
148907,0,0.026571
148908,0,0.024517
148909,0,0.170354
148910,0,0.134038
148913,1,0.379316
148916,0,0.009204
148918,1,0.492908
148920,0,0.111723
148921,0,0.028249
148922,0,0.027532
148927,0,0.115903
148928,0,0.262913
148930,0,0.025100
148931,0,0.061617
148932,0,0.003458
148933,0,0.084935
148936,0,0.033042
148938,0,0.010928
148940,0,0.172109
148942,0,0.001000
148943,0,0.041561
148944,0,0.044774
148945,0,0.098076
148951,0,0.164445
148952,0,0.102430
148953,0,0.140389
148956,0,0.048959
148958,0,0.006843
148959,0,0.046333
148964,0,0.007264
148966,0,0.003719
148967,0,0.038205
148968,1,0.387066
148970,0,0.066025
148973,1,0.777358
148975,0,0.008979
148978,0,0.016921
148981,0,0.023197
148982,0,0.130104
148986,1,0.417557
148987,0,0.192322
148989,0,0.158323
148992,0,0.260790
148993,0,0.005012
148998,0,0.007326
149000,0,0.183580
149001,1,0.344367
149002,0,0.047944
149003,0,0.133002
149005,0,0.083437
149007,0,0.009526
149010,0,0.038085
149013,1,0.545645
149020,0,0.153755
149021,0,0.007299
149022,0,0.028128
149028,0,0.047436
149029,0,0.200388
149031,0,0.001909
149033,0,0.042386
149036,1,0.715068
149040,0,0.244888
149041,1,0.591348
149043,0,0.036713
149046,0,0.036979
149047,0,0.169272
149048,1,0.360184
149051,0,0.240796
149054,0,0.158424
149055,0,0.009412
149060,0,0.019579
149061,0,0.035307
149062,1,0.629351
149063,0,0.144366
149064,0,0.138034
149065,0,0.015097
149070,0,0.006762
149071,0,0.119653
149075,0,0.002748
149078,0,0.195551
149080,0,0.172270
149081,0,0.314730
149083,0,0.013632
149088,0,0.007724
149090,0,0.017746
149092,0,0.277252
149095,0,0.126489
149102,0,0.017587
149106,1,0.682258
149108,0,0.301347
149113,0,0.020589
149114,0,0.044595
149115,0,0.280958
149119,0,0.002849
149123,0,0.032780
149130,0,0.002077
149134,0,0.085838
149138,0,0.033822
149146,0,0.003615
149147,0,0.027253
149153,0,0.196934
149155,0,0.112524
149159,0,0.007895
149160,1,0.527523
149162,0,0.083078
149165,0,0.108464
149170,0,0.077179
149172,0,0.153730
149174,0,0.016166
149176,0,0.307690
149177,0,0.023253
149183,0,0.022969
149185,0,0.183623
149188,0,0.008412
149196,0,0.079749
149201,0,0.279100
149207,0,0.141825
149210,0,0.029534
149214,0,0.018669
149217,0,0.022859
149219,0,0.092989
149221,0,0.193647
149222,0,0.011474
149224,0,0.134510
149226,0,0.006607
149230,0,0.033097
149235,1,0.724418
149237,0,0.013527
149239,0,0.159859
149241,0,0.002231
149244,0,0.028189
149246,0,0.084538
149248,0,0.141513
149252,0,0.134168
149255,0,0.299747
149257,0,0.039843
149262,0,0.001000
149273,0,0.033941
149277,0,0.046098
149278,0,0.034892
149279,1,0.316662
149281,0,0.039653
149285,0,0.064495
149286,1,0.612748
149287,0,0.070643
149290,0,0.018344
149293,0,0.007439
149303,0,0.008617
149304,0,0.239583
149307,1,0.461751
149310,0,0.001000
149313,0,0.102002
149317,0,0.003860
149322,0,0.001000
149329,0,0.233115
149332,0,0.037454
149333,0,0.038682
149335,0,0.253717
149337,1,0.355579
149340,0,0.056533
149344,0,0.025346
149346,0,0.001000
149351,0,0.001866
149352,0,0.071996
149354,1,0.530444
149356,0,0.093215
149360,0,0.053580
149364,0,0.022468
149365,0,0.227992
149366,0,0.009421
149368,0,0.258895
149371,0,0.045668
149373,1,0.435604
149375,0,0.069499
149376,0,0.004494
149380,1,0.343884
149382,0,0.001504
149386,0,0.016933
149393,0,0.033617
149394,0,0.006758
149396,0,0.007230
149398,0,0.074956
149399,1,0.878673
149400,0,0.015532
149401,1,0.734983
149403,0,0.025414
149405,0,0.127857
149406,0,0.074078
149408,0,0.044838
149409,1,0.325541
149410,0,0.246672
149412,0,0.010897
149414,0,0.080555
149415,0,0.056476
149417,0,0.030270
149418,0,0.291414
149420,0,0.140170
149423,0,0.014314
149427,0,0.027205
149428,0,0.007449
149430,0,0.015987
149433,0,0.013981
149437,0,0.018388
149449,0,0.029261
149450,0,0.100284
149454,0,0.250020
149456,0,0.044990
149457,0,0.008292
149465,0,0.211591
149467,1,0.617034
149470,0,0.075145
149472,1,0.671785
149476,0,0.128618
149478,0,0.249386
149482,0,0.087203
149484,0,0.283934
149485,0,0.041390
149488,1,0.354811
149489,0,0.224737
149491,1,0.732222
149492,0,0.014651
149495,0,0.009936
149499,0,0.074542
149500,0,0.132449
149503,0,0.002289
149507,0,0.004837
149509,0,0.006693
149512,0,0.023233
149522,0,0.003759
149524,0,0.045696
149526,0,0.033588
149528,0,0.003632
149529,0,0.013751
149531,0,0.046850
149539,0,0.044089
149540,0,0.067133
149541,0,0.048126
149543,0,0.002322
149547,0,0.038093
149548,0,0.156378
149549,0,0.261276
149551,0,0.024689
149553,0,0.203495
149556,0,0.008200
149558,0,0.134246
149568,0,0.134640
149573,0,0.038375
149574,0,0.002138
149575,1,0.545352
149577,0,0.021463
149579,0,0.027173
149581,0,0.004869
149583,0,0.175628
149585,0,0.017220
149586,0,0.102491
149587,1,0.415806
149588,0,0.010027
149590,1,0.513187
149597,1,0.318638
149602,0,0.003946
149603,0,0.294093
149604,0,0.024756
149608,0,0.017413
149609,0,0.002703
149613,0,0.085820
149614,0,0.113184
149616,0,0.041188
149617,0,0.120389
149619,0,0.210345
149620,0,0.001180
149621,0,0.003793
149623,0,0.199756
149625,0,0.281637
149626,0,0.015344
149630,0,0.274255
149631,0,0.001538
149632,0,0.069654
149634,0,0.009597
149638,0,0.122492
149639,0,0.195338
149640,0,0.010434
149643,0,0.001000
149644,0,0.039249
149647,0,0.064444
149648,0,0.073247
149649,0,0.137790
149654,1,0.596191
149656,1,0.375453
149660,1,0.359594
149666,0,0.029044
149667,0,0.016555
149670,0,0.026281
149671,0,0.036818
149672,0,0.202176
149674,0,0.256504
149676,0,0.004317
149679,1,0.706045
149688,0,0.006687
149690,0,0.019019
149691,0,0.241235
149697,0,0.009661
149702,0,0.003629
149704,0,0.246881
149707,0,0.045693
149709,0,0.081612
149711,0,0.144052
149712,0,0.045179
149714,0,0.009199
149716,0,0.035181
149717,0,0.007681
149718,0,0.003943
149719,0,0.115736
149726,1,0.449321
149729,1,0.460156
149731,0,0.128821
149737,0,0.254268
149738,0,0.262179
149739,0,0.003955
149742,0,0.099800
149746,0,0.055269
149747,0,0.035215
149748,0,0.081471
149750,1,0.625527
149752,0,0.288131
149753,0,0.001000
149755,0,0.097684
149757,0,0.248129
149758,0,0.005006
149759,0,0.294847
149762,0,0.076864
149765,0,0.156149
149767,0,0.087532
149770,0,0.047766
149772,0,0.030945
149775,0,0.043988
149778,1,0.702803
149782,1,0.315238
149788,0,0.273518
149790,1,0.554562
149791,0,0.002562
149792,1,0.351466
149794,0,0.051601
149795,0,0.015251
149796,0,0.239531
149797,0,0.073015
149800,0,0.022976
149802,0,0.018573
149804,0,0.162451
149805,0,0.058671
149807,0,0.028980
149810,0,0.014959
149811,0,0.016317
149814,1,0.316233
149815,0,0.023410
149816,0,0.092461
149819,1,0.607684
149820,0,0.064588
149821,0,0.031965
149823,0,0.053183
149824,0,0.095067
149828,0,0.003420
149831,0,0.195328
149832,0,0.038130
149834,0,0.237993
149835,0,0.246814
149839,1,0.316256
149840,0,0.004340
149841,1,0.506457
149846,0,0.225572
149847,0,0.025965
149852,0,0.003841
149853,0,0.027817
149854,0,0.120869
149858,0,0.239510
149861,1,0.583163
149862,0,0.042858
149863,0,0.033814
149865,0,0.088002
149866,0,0.012926
149868,0,0.006959
149870,0,0.062151
149871,0,0.106830
149875,1,0.444221
149876,0,0.108915
149877,1,0.498449
149882,0,0.225578
149883,0,0.259145
149889,0,0.156117
149890,0,0.003503
149892,0,0.293853
149895,0,0.169821
149898,1,0.398153
149900,0,0.004282
149901,0,0.006827
149902,0,0.011920
149909,0,0.196833
149912,0,0.057265
149917,1,0.380656
149920,0,0.211604
149922,0,0.005810
149925,1,0.623116
149926,0,0.072032
149929,0,0.264017
149930,0,0.005553
149931,0,0.126947
149933,1,0.888093
149935,0,0.013469
149939,0,0.008148
149943,0,0.193882
149948,0,0.046503
149950,0,0.191292
149953,0,0.136643
149954,0,0.021771
149956,0,0.246881
149958,0,0.004178
149959,0,0.002367
149960,0,0.120505
149961,1,0.359484
149966,1,0.419150
149970,0,0.112575
149971,0,0.056142
149972,0,0.030281
149976,0,0.085388
149979,0,0.223877
149980,0,0.010294
149983,0,0.031651
149984,0,0.137465
149986,0,0.123645
149989,0,0.013447
149994,0,0.277836
149996,0,0.237759
149997,0,0.022483
150003,0,0.194527
150007,0,0.024488
150010,0,0.200227
150012,0,0.075230
150013,0,0.057662
150014,0,0.022877
150022,0,0.191961
150023,1,0.343681
150024,0,0.021303
150028,0,0.068685
150034,0,0.012715
150037,0,0.047901
150040,0,0.021887
150042,0,0.004901
150043,0,0.070570
150048,0,0.176496
150049,0,0.023490
150050,1,0.542509
150052,0,0.181981
150053,0,0.024460
150055,0,0.013947
150059,1,0.318505
150063,1,0.491413
150065,1,0.544133
150068,0,0.121993
150070,0,0.112633
150081,0,0.007646
150090,0,0.004918
150092,0,0.030453
150095,0,0.015337
150096,0,0.057111
150098,0,0.142359
150100,1,0.466186
150103,0,0.086439
150104,0,0.300185
150107,0,0.267985
150108,0,0.023765
150110,0,0.006199
150113,0,0.007185
150117,0,0.179610
150118,0,0.015032
150119,1,0.366232
150120,0,0.051305
150125,1,0.483729
150126,0,0.010606
150127,0,0.059179
150128,0,0.043343
150135,0,0.017345
150137,0,0.179506
150143,0,0.115574
150144,0,0.011158
150145,1,0.507237
150146,0,0.034331
150147,0,0.016511
150149,0,0.037695
150157,0,0.284936
150159,0,0.123802
150163,0,0.232538
150165,0,0.024764
150169,1,0.474780
150171,0,0.102862
150173,0,0.036392
150175,0,0.003841
150177,0,0.108981
150182,0,0.207768
150183,0,0.169007
150189,0,0.027574
150194,0,0.048369
150195,0,0.084563
150198,0,0.307825
150202,1,0.462877
150207,0,0.268012
150209,0,0.312069
150214,0,0.105290
150217,0,0.313115
150218,1,0.357881
150222,0,0.301788
150229,0,0.003684
150230,0,0.239597
150231,0,0.018914
150232,0,0.085595
150237,0,0.201557
150238,0,0.001557
150239,0,0.006963
150241,0,0.034335
150244,0,0.018428
150245,0,0.224568
150246,0,0.027948
150247,0,0.015041
150251,0,0.009437
150253,0,0.003449
150263,0,0.001349
150265,0,0.006198
150268,0,0.012238
150272,0,0.003086
150279,0,0.008464
150280,0,0.002093
150283,0,0.198106
150284,0,0.048555
150285,0,0.275107
150287,0,0.022448
150289,0,0.005006
150290,0,0.043326
150292,0,0.006486
150300,0,0.284463
150303,1,0.681960
150305,0,0.051463
150309,0,0.040927
150310,1,0.574220
150316,0,0.096043
150318,0,0.158553
150319,0,0.006364
150323,0,0.025249
150324,0,0.058007
150326,0,0.010297
150332,0,0.033991
150335,0,0.103958
150336,0,0.001227
150340,0,0.003752
150342,1,0.448847
150345,0,0.113231
150348,0,0.026303
150357,1,0.505262
150359,0,0.003061
150361,0,0.001577
150371,0,0.023906
150372,0,0.071179
150373,0,0.195480
150377,0,0.001000
150379,0,0.004713
150381,0,0.140972
150383,1,0.358535
150387,0,0.059302
150389,0,0.063111
150391,0,0.005128
150392,0,0.037374
150396,0,0.032166
150399,1,0.317517
150400,1,0.319604
150405,0,0.275349
150406,0,0.012382
150410,0,0.013031
150412,1,0.381511
150413,1,0.572353
150414,0,0.256529
150416,0,0.249549
150417,0,0.013073
150418,0,0.064992
150423,0,0.255580
150424,0,0.012550
150425,0,0.034137
150426,0,0.308462
150427,1,0.475087
150430,0,0.097991
150433,0,0.017833
150434,0,0.288133
150439,1,0.626772
150441,0,0.015174
150445,0,0.057805
150446,0,0.021331
150447,0,0.001000
150453,0,0.017179
150455,0,0.159237
150457,0,0.212071
150459,1,0.324565
150465,0,0.103368
150466,0,0.017212
150468,0,0.273978
150478,0,0.031696
150479,0,0.023481
150483,0,0.089369
150486,0,0.010013
150488,1,0.418847
150491,1,0.582560
150498,0,0.007679
150501,0,0.042635
150504,0,0.141255
150506,0,0.084079
150508,0,0.005621
150509,0,0.202750
150510,0,0.053733
150511,0,0.273609
150513,0,0.287903
150514,1,0.601939
150517,0,0.115786
150523,0,0.077594
150525,0,0.006969
150531,0,0.239882
150532,0,0.018170
150533,0,0.022216
150535,0,0.153688
150536,0,0.078736
150537,0,0.107714
150538,0,0.272875
150542,0,0.269816
150543,0,0.211922
150544,0,0.001575
150546,0,0.002012
150547,0,0.053460
150548,0,0.306413
150552,0,0.013731
150553,0,0.001000
150554,1,0.580341
150555,0,0.213054
150556,0,0.013103
150557,0,0.033681
150558,0,0.013425
150561,0,0.059270
150562,0,0.004518
150565,0,0.018407
150567,0,0.029922
150570,1,0.459363
150578,0,0.240829
150584,1,0.531166
150586,0,0.022238
150589,0,0.039555
150590,0,0.036316
150591,0,0.086529
150595,0,0.019530
150600,0,0.008021
150602,0,0.067074
150603,0,0.014862
150605,0,0.016999
150611,0,0.117863
150613,0,0.282624
150617,0,0.010263
150619,1,0.315247
150622,0,0.018556
150624,1,0.658877
150629,1,0.748115
150630,0,0.128402
150636,0,0.096993
150637,0,0.040469
150638,0,0.007971
150639,1,0.605287
150643,0,0.038425
150645,0,0.119049
150646,0,0.205607
150648,0,0.024006
150649,0,0.080981
150653,1,0.476314
150658,0,0.087589
150661,0,0.004342
150665,1,0.551245
150666,0,0.051247
150668,0,0.051834
150670,0,0.012024
150671,0,0.072373
150676,0,0.008732
150677,0,0.292706
150679,0,0.073913
150680,1,0.696002
150682,0,0.031539
150686,0,0.036133
150688,0,0.008950
150690,0,0.002615
150691,0,0.100548
150693,0,0.202496
150694,0,0.093694
150697,0,0.228859
150698,0,0.063790
150700,0,0.002653
150703,0,0.178594
150704,0,0.084799
150705,1,0.597735
150710,1,0.380103
150716,0,0.071632
150720,0,0.013635
150724,1,0.455931
150726,0,0.028662
150727,0,0.003955
150728,0,0.093315
150732,0,0.081097
150733,0,0.039693
150734,0,0.006219
150735,0,0.035198
150737,0,0.094540
150739,0,0.130876
150741,0,0.022633
150743,0,0.072392
150744,0,0.077730
150746,0,0.020667
150748,0,0.039431
150755,0,0.016502
150756,0,0.261721
150758,0,0.025147
150759,0,0.143671
150762,0,0.058363
150763,0,0.061330
150767,0,0.160977
150768,0,0.012809
150769,0,0.089525
150771,0,0.005906
150774,1,0.754950
150776,0,0.003862
150777,0,0.009717
150779,1,0.511204
150781,0,0.003423
150784,1,0.315574
150785,0,0.172467
150789,0,0.012096
150790,1,0.347241
150791,0,0.006425
150792,0,0.031653
150797,0,0.146364
150799,0,0.011323
150800,1,0.559437
150801,0,0.014752
150803,0,0.007669
150804,1,0.955232
150807,0,0.028379
150816,0,0.103317
150817,0,0.014638
150820,1,0.339241
150822,0,0.034355
150825,0,0.262669
150826,1,0.409123
150829,0,0.025456
150835,0,0.004926
150841,0,0.004213
150848,1,0.555592
150854,0,0.300885
150855,0,0.063660
150857,0,0.019516
150863,0,0.137727
150867,1,0.483937
150875,0,0.083626
150880,0,0.239412
150882,0,0.046949
150885,0,0.041303
150888,0,0.005170
150889,0,0.101263
150891,0,0.167034
150899,1,0.445739
150900,0,0.047349
150901,0,0.058280
150902,0,0.018277
150905,0,0.011327
150906,0,0.006442
150913,0,0.001000
150917,0,0.059757
150920,1,0.748791
150921,1,0.318211
150923,0,0.049212
150924,0,0.072725
150927,0,0.002817
150930,0,0.006646
150932,0,0.005132
150935,0,0.073818
150938,0,0.117996
150940,0,0.007647
150941,0,0.234764
150942,0,0.001000
150944,0,0.122761
150945,0,0.136080
150951,1,0.366855
150952,0,0.009700
150953,0,0.017208
150956,0,0.042203
150958,0,0.086143
150960,0,0.005377
150961,0,0.013879
150962,1,0.846913
150964,0,0.002321
150965,0,0.177570
150966,1,0.529913
150970,0,0.308663
150971,0,0.226122
150976,0,0.010060
150981,0,0.166322
150987,1,0.416740
150994,0,0.076004
150995,0,0.021088
150996,0,0.001000
151000,0,0.268633
151005,0,0.066962
151006,0,0.001597
151007,0,0.153839
151010,0,0.016559
151013,0,0.173780
151018,0,0.003892
151023,0,0.003035
151024,0,0.019644
151026,0,0.022558
151027,0,0.015006
151030,0,0.004301
151033,0,0.012411
151037,0,0.005897
151039,0,0.161453
151043,0,0.128810
151045,0,0.008117
151048,0,0.037516
151051,0,0.151349
151055,0,0.127881
151056,0,0.131526
151062,0,0.049623
151063,0,0.170612
151064,0,0.140503
151065,0,0.009294
151069,0,0.087709
151070,0,0.001000
151072,1,0.638524
151078,0,0.033635
151082,0,0.048810
151090,1,0.453101
151093,1,0.394048
151096,0,0.033179
151100,0,0.019641
151108,0,0.096630
151109,0,0.107613
151113,0,0.266739
151116,0,0.041968
151117,0,0.081251
151119,0,0.015493
151122,0,0.043349
151124,0,0.008140
151128,1,0.547759
151130,0,0.039586
151131,0,0.278852
151135,0,0.084597
151136,0,0.011057
151137,1,0.448804
151140,0,0.088710
151141,0,0.008281
151142,0,0.008122
151143,0,0.122469
151144,0,0.056520
151150,0,0.023822
151153,0,0.044150
151158,0,0.259873
151161,0,0.091840
151167,0,0.207502
151171,0,0.044667
151172,0,0.051897
151175,0,0.051810
151176,1,0.601249
151177,0,0.127904
151178,0,0.008409
151180,1,0.519657
151181,0,0.012216
151187,0,0.045699
151190,0,0.006041
151192,0,0.006747
151194,0,0.012509
151195,0,0.096471
151197,1,0.545290
151198,0,0.008952
151202,1,0.334906
151203,1,0.415564
151210,0,0.011511
151213,0,0.002470
151218,0,0.134173
151225,0,0.185965
151226,0,0.004799
151227,1,0.679719
151228,0,0.071175
151229,0,0.014389
151234,0,0.127758
151237,0,0.002366
151242,1,0.441969
151243,0,0.265467
151255,1,0.429418
151256,0,0.030005
151258,0,0.050533
151263,0,0.001813
151266,0,0.002289
151271,0,0.007030
151273,1,0.494812
151274,0,0.131522
151277,0,0.013271
151280,0,0.066423
151286,1,0.324557
151290,1,0.416353
151293,0,0.001000
151296,0,0.273715
151297,0,0.044841
151301,0,0.047179
151303,0,0.153602
151304,0,0.162101
151306,0,0.009712
151308,0,0.081674
151309,0,0.015071
151312,0,0.072793
151313,0,0.024087
151315,1,0.940138
151316,1,0.696589
151324,0,0.007609
151325,0,0.167547
151326,0,0.001000
151327,0,0.230386
151332,0,0.003260
151333,0,0.136906
151334,0,0.210607
151335,0,0.002673
151336,1,0.415017
151338,0,0.035011
151339,0,0.058655
151342,0,0.245099
151344,0,0.003831
151345,0,0.006850
151348,1,0.447126
151352,0,0.001980
151353,1,0.469364
151354,0,0.002602
151356,0,0.019045
151358,0,0.035442
151360,0,0.017268
151363,0,0.085084
151368,0,0.003352
151369,1,0.605558
151370,0,0.128579
151371,0,0.006542
151374,0,0.256761
151377,0,0.005550
151379,0,0.147977
151381,0,0.096157
151383,0,0.065788
151385,0,0.004178
151388,0,0.015824
151393,0,0.008402
151394,0,0.048734
151397,0,0.001311
151400,0,0.267829
151401,0,0.013307
151404,0,0.004400
151406,0,0.008991
151407,0,0.053671
151410,0,0.142444
151414,0,0.032234
151415,0,0.083411
151418,0,0.016384
151421,0,0.003778
151423,0,0.017665
151427,0,0.173415
151430,0,0.067812
151432,0,0.173012
151433,0,0.023444
151434,0,0.034354
151438,0,0.232936
151439,0,0.027981
151440,0,0.007012
151441,0,0.049383
151444,0,0.093559
151445,0,0.002193
151451,0,0.295861
151454,1,0.638831
151455,0,0.127719
151464,0,0.003447
151465,0,0.244541
151467,1,0.466668
151468,0,0.016211
151469,0,0.034178
151471,0,0.163257
151473,1,0.365708
151475,0,0.137832
151478,0,0.045049
151479,0,0.023878
151480,0,0.009181
151484,0,0.020939
151486,0,0.004607
151487,0,0.084123
151492,0,0.014008
151500,0,0.002846
151504,0,0.009350
151508,0,0.009410
151513,1,0.601209
151514,0,0.037668
151517,0,0.050523
151518,0,0.003144
151519,0,0.007374
151520,0,0.121760
151527,0,0.263883
151528,0,0.154782
151529,1,0.413537
151530,1,0.514522
151532,0,0.168537
151539,0,0.020206
151541,0,0.014772
151542,0,0.022960
151544,0,0.005969
151545,1,0.610906
151549,0,0.094477
151553,0,0.043575
151554,0,0.051125
151561,0,0.096009
151564,0,0.009719
151567,0,0.141385
151570,0,0.019066
151572,0,0.024522
151574,1,0.326025
151575,0,0.004576
151579,0,0.076237
151580,0,0.027921
151581,1,0.440249
151582,0,0.002563
151584,0,0.068674
151589,0,0.044065
151593,0,0.009671
151594,1,0.459219
151597,1,0.590285
151599,1,0.570275
151600,0,0.083354
151605,0,0.005520
151606,0,0.008102
151609,0,0.001960
151612,0,0.027670
151615,1,0.327083
151618,0,0.017777
151621,0,0.009717
151622,0,0.093869
151624,0,0.011752
151626,0,0.081174
151631,0,0.231505
151636,0,0.019386
151637,0,0.005560
151640,0,0.009389
151642,0,0.067900
151644,0,0.199260
151645,0,0.053523
151647,0,0.087445
151648,0,0.006620
151649,0,0.002910
151650,0,0.006646
151653,0,0.016543
151654,0,0.083269
151655,0,0.010426
151657,0,0.097810
151659,0,0.100037
151660,1,0.504395
151665,0,0.013373
151666,0,0.124739
151667,0,0.185092
151672,0,0.003874
151675,0,0.193685
151676,0,0.126614
151678,1,0.727817
151681,0,0.157425
151683,0,0.209813
151685,1,0.652298
151687,0,0.065571
151691,0,0.008730
151695,0,0.017480
151697,0,0.001441
151698,0,0.013083
151700,0,0.045555
151702,0,0.111681
151703,0,0.002798
151710,0,0.037532
151712,0,0.088104
151714,0,0.063477
151715,0,0.007784
151718,0,0.009622
151725,0,0.293130
151727,0,0.001000
151728,0,0.072491
151729,0,0.024924
151732,0,0.021245
151734,0,0.006590
151738,0,0.026638
151739,0,0.259968
151742,1,0.342709
151744,0,0.118954
151751,0,0.082385
151753,0,0.268230
151759,0,0.121148
151762,0,0.210193
151763,0,0.002474
151767,0,0.011914
151770,0,0.093373
151771,0,0.220413
151772,0,0.008611
151775,0,0.012565
151776,0,0.021623
151777,1,0.503395
151781,1,0.401573
151784,0,0.103623
151785,1,0.461071
151786,0,0.014606
151787,0,0.024355
151788,0,0.006657
151789,0,0.278180
151791,0,0.001000
151792,0,0.016715
151794,0,0.014660
151796,0,0.008711
151800,0,0.026722
151801,0,0.274824
151802,0,0.206866
151809,0,0.162141
151810,0,0.052040
151814,0,0.150316
151819,0,0.009842
151820,0,0.001726
151823,0,0.243057
151824,0,0.169437
151826,1,0.344008
151827,0,0.148964
151838,1,0.516565
151842,0,0.036431
151844,1,0.429314
151846,0,0.006909
151849,0,0.002525
151851,0,0.026583
151855,0,0.021309
151856,0,0.072163
151867,0,0.001890
151868,0,0.040882
151870,0,0.025108
151871,0,0.049344
151872,0,0.072057
151874,1,0.513745
151877,0,0.022069
151881,0,0.019958
151884,0,0.020943
151893,1,0.522079
151894,0,0.165785
151895,0,0.078752
151896,0,0.002964
151902,1,0.615438
151903,1,0.356952
151905,1,0.802065
151906,0,0.023005
151907,0,0.094749
151908,0,0.116516
151910,0,0.035701
151911,0,0.069883
151918,0,0.083653
151920,0,0.092743
151921,0,0.016381
151923,1,0.370566
151928,0,0.246865
151929,0,0.079980
151930,0,0.094991
151933,0,0.003754
151937,0,0.111454
151938,0,0.020202
151939,1,0.382362
151940,0,0.026557
151945,0,0.003882
151946,0,0.125974
151947,0,0.305041
151948,0,0.176622
151949,0,0.039371
151951,0,0.071560
151952,0,0.056686
151959,0,0.125143
151962,0,0.289639
151963,0,0.013715
151965,0,0.209036
151967,0,0.075285
151969,1,0.526071
151970,0,0.157735
151973,0,0.098936
151976,0,0.250193
151981,1,0.341048
151987,0,0.001421
151988,0,0.046863
151989,0,0.020377
151990,1,0.425278
151991,1,0.340265
151994,0,0.009510
151998,0,0.089876
152000,0,0.007695
152001,0,0.003703
152003,0,0.020398
152005,0,0.163505
152006,0,0.156595
152007,1,0.386328
152008,0,0.018059
152013,0,0.005700
152014,1,0.349317
152015,0,0.006307
152016,0,0.257821
152017,1,0.487005
152020,0,0.126627
152021,0,0.121480
152022,0,0.125623
152026,0,0.220042
152027,0,0.008259
152029,0,0.004549
152030,0,0.022874
152032,0,0.124723
152039,0,0.017121
152040,0,0.287589
152046,0,0.062091
152047,0,0.002842
152048,0,0.294940
152051,0,0.010960
152055,0,0.001356
152061,0,0.018472
152062,0,0.006182
152063,1,0.577367
152065,0,0.072937
152066,0,0.057958
152067,0,0.260575
152072,0,0.084920
152074,0,0.089105
152078,0,0.003814
152079,0,0.034460
152080,0,0.022350
152081,0,0.004663
152086,0,0.114788
152087,0,0.051347
152090,0,0.042666
152091,0,0.049328
152094,0,0.012126
152098,0,0.050278
152100,0,0.184842
152101,0,0.126427
152108,0,0.001000
152111,0,0.097773
152115,0,0.020292
152119,0,0.020187
152122,0,0.187491
152130,0,0.206665
152131,0,0.110042
152132,0,0.255980
152133,0,0.038824
152134,0,0.033539
152139,0,0.078096
152147,0,0.009965
152150,0,0.143264
152151,0,0.133957
152153,0,0.005229
152157,1,0.498538
152158,0,0.044654
152159,0,0.041282
152160,1,0.452895
152161,0,0.123638
152162,1,0.442319
152164,0,0.247608
152165,0,0.035536
152168,0,0.025274
152173,0,0.007699
152174,0,0.199759
152175,0,0.128856
152177,0,0.029222
152178,0,0.010018
152179,0,0.004402
152180,0,0.006863
152181,1,0.558412
152185,0,0.097582
152186,0,0.020132
152187,0,0.012388
152188,0,0.066605
152189,0,0.123066
152193,0,0.005723
152197,0,0.104740
152198,0,0.149848
152199,0,0.276457
152202,0,0.049537
152204,0,0.163733
152205,0,0.078478
152211,1,0.334480
152216,0,0.084347
152221,0,0.012700
152222,1,0.339709
152224,0,0.007562
152225,0,0.248855
152226,0,0.001000
152231,0,0.020191
152234,0,0.003674
152235,0,0.058911
152237,0,0.005440
152239,0,0.005654
152243,0,0.056966
152246,1,0.413045
152247,0,0.282416
152248,0,0.185371
152250,0,0.034966
152253,0,0.016388
152254,0,0.193563
152255,1,0.559684
152260,0,0.007409
152261,1,0.351617
152265,1,0.403383
152270,0,0.025001
152281,0,0.092924
152282,0,0.049757
152285,0,0.078562
152290,0,0.008508
152294,1,0.382667
152296,0,0.109857
152302,0,0.014771
152303,1,0.419160
152304,0,0.111495
152305,0,0.008055
152308,1,0.419702
152310,0,0.003701
152314,0,0.119121
152316,0,0.146353
152322,0,0.010017
152325,0,0.294600
152326,0,0.160751
152332,0,0.022178
152333,0,0.220559
152335,0,0.261566
152336,0,0.021649
152337,0,0.011482
152338,0,0.048064
152341,0,0.003182
152344,0,0.029566
152346,0,0.020701
152350,0,0.014902
152351,1,0.522439
152352,0,0.078826
152353,0,0.122325
152356,0,0.013232
152357,1,0.520081
152362,0,0.007736
152363,1,0.372817
152364,0,0.135939
152365,0,0.041607
152370,0,0.139881
152371,1,0.334918
152379,0,0.062200
152380,0,0.012572
152383,0,0.182603
152389,1,0.326038
152392,0,0.002354
152393,0,0.002292
152397,0,0.096356
152398,1,0.927497
152405,0,0.001864
152410,1,0.452255
152413,0,0.103915
152414,1,0.427806
152415,1,0.417700
152416,0,0.009813
152419,0,0.027219
152427,0,0.067466
152428,0,0.109821
152429,1,0.393462
152432,0,0.179119
152433,1,0.665362
152435,0,0.296924
152436,0,0.034160
152438,1,0.358986
152439,0,0.020682
152440,0,0.097127
152444,0,0.021776
152448,0,0.014020
152450,0,0.057623
152452,0,0.014062
152453,0,0.170583
152454,0,0.063768
152459,1,0.876608
152461,0,0.140199
152463,0,0.176121
152476,0,0.020596
152480,0,0.204619
152483,0,0.001978
152485,0,0.045872
152487,0,0.020250
152493,0,0.004563
152501,0,0.131049
152502,1,0.710185
152507,0,0.046634
152515,0,0.201802
152517,1,0.859115
152519,0,0.001485
152521,0,0.004447
152523,0,0.050839
152524,1,0.430833
152525,0,0.016433
152530,0,0.056392
152534,0,0.103784
152535,0,0.002993
152539,0,0.005272
152546,0,0.031697
152547,0,0.016759
152554,0,0.241475
152557,0,0.021678
152559,0,0.001000
152562,0,0.154825
152565,0,0.003435
152566,0,0.004085
152567,0,0.008959
152569,0,0.001048
152572,0,0.078786
152573,0,0.002289
152577,0,0.072684
152583,0,0.166681
152585,0,0.009609
152586,0,0.011574
152587,0,0.032676
152589,1,0.425288
152591,0,0.240404
152597,1,0.370680
152600,0,0.012455
152601,0,0.011027
152602,0,0.003433
152604,0,0.183746
152608,0,0.013407
152613,1,0.431509
152616,1,0.444309
152619,0,0.014574
152621,0,0.070693
152622,0,0.266523
152624,0,0.279058
152627,0,0.125945
152629,0,0.134226
152632,0,0.105102
152633,1,0.398983
152635,0,0.121167
152640,1,0.394549
152643,0,0.080820
152645,0,0.070097
152647,0,0.015842
152648,0,0.251368
152649,0,0.262064
152650,1,0.701551
152652,0,0.166334
152653,0,0.071455
152655,1,0.587302
152657,1,0.745789
152661,0,0.067556
152662,0,0.051223
152665,0,0.001009
152667,0,0.068877
152674,0,0.008372
152676,0,0.048690
152677,0,0.026339
152679,0,0.014206
152680,0,0.255820
152682,0,0.001170
152685,0,0.083936
152688,0,0.079096
152690,0,0.311521
152692,1,0.389829
152693,0,0.243219
152705,1,0.410864
152706,0,0.013768
152708,0,0.013083
152709,1,0.633261
152710,0,0.026845
152711,0,0.024394
152713,0,0.087427
152715,0,0.022535
152719,0,0.017324
152720,0,0.003131
152721,0,0.002440
152723,1,0.931859
152727,0,0.026098
152728,0,0.066363
152731,1,0.521254
152733,0,0.012259
152738,0,0.013570
152739,0,0.005828
152740,0,0.078234
152741,0,0.078212
152744,0,0.166904
152749,0,0.080700
152752,0,0.100807
152754,0,0.238209
152757,0,0.001698
152760,0,0.020188
152762,0,0.019925
152763,0,0.007390
152764,0,0.117901
152765,0,0.244468
152767,0,0.030735
152772,0,0.146352
152773,0,0.008950
152774,0,0.082413
152779,1,0.404074
152785,0,0.011269
152789,1,0.725409
152792,0,0.089068
152793,0,0.011103
152794,0,0.148745
152797,0,0.009207
152799,0,0.001908
152802,0,0.001090
152804,0,0.228770
152809,0,0.088848
152811,0,0.006989
152814,0,0.033322
152815,0,0.017089
152816,0,0.069838
152818,0,0.135218
152819,0,0.001000
152821,0,0.056155
152822,0,0.017726
152825,0,0.151854
152829,0,0.001683
152830,0,0.052170
152833,0,0.070158
152836,0,0.006199
152837,1,0.929677
152839,0,0.020609
152840,0,0.077661
152841,0,0.068595
152842,0,0.009292
152848,0,0.119079
152849,0,0.007350
152851,1,0.540032
152858,0,0.057879
152862,0,0.036959
152864,0,0.004865
