152871,0,0.143772
152873,0,0.146370
152875,0,0.094637
152878,0,0.042247
152882,0,0.008061
152884,0,0.044769
152885,0,0.006918
152886,0,0.017498
152887,0,0.010919
152890,0,0.029193
152893,0,0.055971
152897,0,0.190281
152898,0,0.013137
152901,0,0.066391
152903,0,0.025556
152907,0,0.009524
152910,0,0.222676
152912,0,0.029824
152913,0,0.011231
152914,1,0.386499
152916,0,0.109154
152918,0,0.042971
152922,0,0.084315
152925,0,0.014363
152927,0,0.032054
152931,0,0.105024
152932,0,0.112290
152934,0,0.303588
152935,0,0.015437
152937,0,0.069680
152938,1,0.529950
152941,0,0.038491
152947,0,0.024035
152949,0,0.020741
152955,0,0.011386
152956,1,0.618943
152957,0,0.009415
152961,0,0.070433
152963,0,0.025088
152968,0,0.067728
152971,0,0.039164
152972,0,0.128149
152973,1,0.438516
152982,1,0.447578
152984,0,0.033641
152989,0,0.004926
152999,0,0.159769
153000,1,0.464010
153002,0,0.013615
153004,0,0.014219
153007,0,0.011379
153008,0,0.055398
153011,1,0.392384
153012,0,0.074876
153013,0,0.221389
153015,0,0.216541
153019,0,0.022829
153020,0,0.010530
153027,0,0.237256
153028,0,0.090128
153029,0,0.141835
153030,1,0.645745
153031,0,0.178345
153033,0,0.099219
153034,1,0.465652
153035,0,0.012685
153036,0,0.054357
153040,0,0.309683
153044,0,0.071473
153051,0,0.062839
153052,1,0.547138
153056,0,0.009137
153058,0,0.021462
153060,1,0.496233
153061,0,0.268227
153062,0,0.008313
153063,0,0.201487
153064,0,0.032902
153066,0,0.139325
153069,0,0.011847
153070,1,0.453290
153072,0,0.168724
153081,0,0.018407
153082,0,0.018137
153085,0,0.271219
153086,0,0.033369
153089,0,0.020251
153090,0,0.103782
153091,0,0.145678
153093,0,0.162210
153096,0,0.017478
153097,0,0.106239
153098,0,0.082155
153100,0,0.050161
153103,0,0.003800
153105,0,0.044150
153107,1,0.827428
153109,0,0.074984
153112,1,0.399410
153119,0,0.265313
153121,0,0.038051
153125,0,0.024471
153126,0,0.009027
153127,0,0.007107
153128,0,0.161805
153134,0,0.009433
153139,0,0.207645
153140,0,0.055632
153142,0,0.204826
153144,0,0.021334
153151,0,0.047886
153153,0,0.173903
153154,0,0.304323
153158,0,0.004477
153159,1,0.577360
153161,0,0.207934
153162,0,0.094966
153165,0,0.006639
153169,0,0.013385
153170,0,0.112933
153172,0,0.025561
153175,0,0.029248
153179,0,0.043465
153182,0,0.025959
153183,0,0.015004
153187,0,0.054696
153189,0,0.075561
153192,0,0.036633
153197,1,0.397370
153198,1,0.457219
153200,0,0.006011
153203,0,0.260017
153207,0,0.007429
153215,0,0.061105
153217,0,0.050948
153221,0,0.080269
153222,1,0.400642
153223,0,0.260477
153224,0,0.002565
153225,0,0.036473
153226,0,0.006544
153229,0,0.201777
153230,0,0.009616
153231,0,0.140062
153232,1,0.407532
153235,0,0.078289
153236,0,0.032113
153237,0,0.012595
153239,0,0.283805
153242,0,0.007569
153243,0,0.044883
153245,0,0.004941
153249,0,0.010511
153250,0,0.004282
153251,0,0.016624
153252,0,0.017488
153255,0,0.019060
153257,1,0.718146
153260,0,0.311764
153261,0,0.050821
153264,1,0.365531
153265,0,0.016768
153266,0,0.227130
153268,0,0.186623
153270,1,0.417007
153271,0,0.121573
153274,0,0.004617
153276,0,0.274740
153283,0,0.086079
153285,0,0.025392
153287,1,0.693393
153289,0,0.063588
153290,0,0.166357
153293,0,0.005948
153294,0,0.017402
153295,0,0.004435
153296,0,0.025157
153297,1,0.400213
153305,0,0.032614
153307,0,0.005043
153309,0,0.263450
153312,1,0.521785
153315,0,0.015985
153316,0,0.290278
153318,1,0.564056
153322,0,0.139920
153323,0,0.039560
153324,0,0.046641
153326,0,0.005964
153333,0,0.048052
153335,0,0.037394
153336,0,0.046050
153339,1,0.349809
153342,0,0.066233
153343,0,0.045150
153348,1,0.494549
153349,0,0.274295
153355,0,0.041885
153357,0,0.023782
153359,0,0.037406
153361,0,0.023243
153362,0,0.024440
153364,0,0.027856
153368,0,0.055036
153371,0,0.239589
153374,1,0.581969
153376,1,0.566013
153377,0,0.016828
153378,0,0.021506
153379,0,0.165536
153381,0,0.015707
153384,0,0.061069
153385,0,0.005541
153386,1,0.877223
153388,0,0.058531
153396,0,0.096710
153399,0,0.017020
153406,0,0.029321
153414,0,0.106177
153418,0,0.020848
153419,0,0.005954
153420,0,0.017957
153428,0,0.008837
153430,0,0.040240
153433,0,0.058434
153434,0,0.030354
153435,0,0.028872
153438,0,0.016705
153442,0,0.017214
153443,0,0.031229
153444,0,0.169627
153445,0,0.019347
153446,0,0.019711
153447,1,0.406609
153449,0,0.006192
153458,1,0.725189
153459,0,0.058557
153460,0,0.138407
153463,0,0.003565
153465,0,0.042488
153469,0,0.027333
153471,0,0.046679
153477,1,0.325839
153478,0,0.007626
153481,1,0.367451
153485,0,0.012458
153486,0,0.094384
153489,0,0.163821
153490,0,0.024198
153491,0,0.208936
153493,0,0.013188
153494,0,0.024973
153495,1,0.387334
153496,1,0.608357
153497,0,0.006977
153498,0,0.010389
153501,0,0.022986
153502,0,0.074792
153504,0,0.113846
153507,0,0.081830
153508,0,0.007316
153509,0,0.006167
153513,0,0.005212
153514,0,0.095718
153515,0,0.041212
153516,0,0.014209
153522,0,0.012919
153523,1,0.425734
153524,0,0.018232
153526,0,0.159061
153529,0,0.176845
153530,0,0.041283
153537,1,0.421106
153538,0,0.130568
153542,0,0.079389
153543,0,0.063864
153545,0,0.060140
153548,0,0.235357
153549,1,0.509867
153551,0,0.007053
153553,0,0.009662
153554,0,0.006447
153555,1,0.557466
153556,0,0.011654
153558,0,0.024068
153561,0,0.011191
153562,0,0.052548
153563,0,0.060189
153565,0,0.012471
153567,0,0.015236
153569,1,0.739283
153571,0,0.049005
153572,0,0.047795
153573,0,0.127886
153574,1,0.553424
153575,0,0.058110
153576,0,0.188867
153580,0,0.009234
153581,0,0.033490
153584,0,0.124880
153585,0,0.012098
153586,0,0.261657
153587,0,0.241405
153591,0,0.058255
153594,0,0.021159
153599,0,0.303909
153600,0,0.034119
153603,0,0.005249
153605,0,0.053299
153606,0,0.015339
153607,0,0.046962
153608,0,0.299415
153614,0,0.129504
153615,0,0.055305
153616,0,0.088094
153619,0,0.133910
153625,0,0.113786
153626,0,0.312359
153628,0,0.036964
153631,0,0.083048
153636,0,0.017718
153641,0,0.013430
153643,0,0.054361
153645,0,0.034529
153646,0,0.018393
153651,1,0.696441
153652,0,0.048308
153661,0,0.032853
153666,0,0.028115
153667,0,0.057882
153668,1,0.412959
153671,0,0.016561
153672,0,0.015849
153678,0,0.065681
153679,0,0.049799
153680,0,0.206573
153681,1,0.445948
153682,0,0.162110
153683,0,0.185576
153684,0,0.031023
153685,0,0.105490
153689,0,0.018487
153690,0,0.004162
153693,1,0.388155
153694,0,0.130600
153697,0,0.021751
153698,0,0.115775
153699,0,0.015275
153701,0,0.087102
153703,0,0.006097
153705,0,0.032490
153707,0,0.018190
153709,0,0.177303
153710,0,0.247629
153712,0,0.007046
153724,0,0.032428
153728,0,0.007311
153740,0,0.058089
153741,0,0.139665
153742,0,0.025130
153743,0,0.311024
153744,0,0.125784
153749,0,0.017577
153751,0,0.108421
153752,0,0.120908
153755,0,0.307072
153756,0,0.183675
153757,0,0.012811
153759,0,0.284650
153765,0,0.130767
153768,0,0.049135
153771,0,0.026916
153772,0,0.034333
153773,0,0.173938
153774,0,0.019907
153775,0,0.010210
153778,0,0.034469
153780,0,0.018183
153785,0,0.038090
153786,0,0.008226
153788,1,0.331698
153794,0,0.057338
153799,0,0.022368
153802,0,0.061752
153803,0,0.016039
153806,0,0.033641
153809,0,0.003793
153810,1,0.488315
153814,0,0.020487
153816,0,0.053487
153823,0,0.085825
153826,1,0.475923
153827,1,0.516228
153835,0,0.235316
153838,0,0.014764
153844,0,0.018726
153845,0,0.023220
153850,1,0.683219
153852,0,0.006778
153853,0,0.058288
153858,0,0.028036
153859,0,0.079856
153861,0,0.110664
153863,0,0.100271
153864,0,0.017194
153866,0,0.008814
153869,0,0.218308
153873,1,0.330218
153874,0,0.080248
153875,0,0.164200
153876,1,0.455236
153879,0,0.208247
153881,0,0.080810
153886,0,0.013901
153887,1,0.505853
153889,0,0.072842
153890,0,0.058633
153893,0,0.007726
153895,0,0.190589
153899,0,0.128619
153905,1,0.717850
153907,1,0.388858
153909,0,0.061828
153911,0,0.108189
153913,0,0.158625
153915,0,0.117722
153916,0,0.298648
153917,0,0.150619
153918,0,0.081385
153921,0,0.042570
153922,0,0.260761
153923,0,0.206784
153927,0,0.027034
153929,0,0.067091
153932,0,0.155297
153933,0,0.123768
153935,0,0.016958
153936,0,0.021739
153938,0,0.002870
153939,0,0.008069
153942,0,0.034797
153943,1,0.556855
153945,0,0.149358
153946,0,0.261100
153948,0,0.117672
153950,0,0.055605
153954,0,0.105483
153955,1,0.434269
153956,0,0.007084
153962,0,0.031353
153964,0,0.059438
153967,0,0.134713
153972,0,0.255766
153974,0,0.009091
153986,0,0.003936
153988,0,0.016135
153990,1,0.752963
153992,0,0.005759
153996,0,0.034659
154001,0,0.089752
154002,1,0.392962
154004,0,0.048132
154006,0,0.050493
154007,0,0.015391
154011,0,0.017991
154013,1,0.528442
154022,0,0.130100
154024,0,0.037440
154027,0,0.048620
154033,1,0.629475
154035,0,0.032448
154038,0,0.227857
154040,0,0.173951
154046,0,0.016742
154047,1,0.387068
154048,0,0.268066
154049,0,0.049743
154050,1,0.711510
154051,0,0.047415
154054,0,0.074143
154056,0,0.003898
154057,0,0.026374
154058,0,0.006606
154061,0,0.158870
154062,0,0.018149
154066,0,0.046599
154070,0,0.214555
154074,1,0.352376
154077,0,0.005243
154082,0,0.150102
154088,0,0.093051
154089,0,0.010154
154090,0,0.084614
154091,0,0.003648
154092,0,0.056468
154093,0,0.043231
154094,1,0.858323
154095,0,0.118615
154096,0,0.008727
154097,0,0.150276
154099,1,0.837325
154102,0,0.029726
154104,0,0.010804
154107,1,0.433263
154109,0,0.031744
154110,0,0.044542
154112,0,0.005116
154116,0,0.029595
154117,0,0.313105
154119,0,0.132888
154122,0,0.056797
154126,0,0.142309
154129,0,0.010781
154130,1,0.731198
154133,0,0.028407
154139,0,0.083788
154140,0,0.026035
154142,0,0.038645
154143,0,0.073224
154148,0,0.156738
154149,0,0.062191
154150,0,0.041238
154152,0,0.234955
154156,0,0.056838
154157,0,0.248330
154161,0,0.032831
154165,0,0.034130
154167,0,0.013179
154168,0,0.051919
154169,0,0.062089
154171,0,0.111883
154172,0,0.008465
154173,0,0.197953
154177,1,0.374664
154181,0,0.027360
154182,0,0.053068
154186,0,0.032004
154188,0,0.087897
154190,0,0.088634
154191,1,0.751222
154193,0,0.083668
154194,1,0.457684
154195,0,0.023939
154198,0,0.010653
154201,0,0.128191
154205,0,0.283284
154208,0,0.152348
154209,0,0.091835
154211,0,0.010882
154213,0,0.008745
154217,0,0.016253
154218,1,0.375215
154222,0,0.005002
154223,0,0.191217
154233,0,0.019989
154236,0,0.010706
154237,0,0.211468
154238,1,0.773502
154239,0,0.184910
154241,0,0.186464
154242,0,0.045585
154245,0,0.045876
154246,0,0.056760
154251,0,0.110188
154252,0,0.006479
154255,0,0.024687
154258,0,0.017365
154267,0,0.007290
154268,1,0.478241
154269,1,0.379638
154271,0,0.199624
154273,0,0.070006
154274,0,0.007812
154277,0,0.015524
154284,0,0.102541
154285,1,0.452332
154286,0,0.029356
154287,0,0.153701
154289,0,0.177343
154290,0,0.196411
154291,0,0.005686
154293,1,0.595856
154298,1,0.352439
154300,0,0.020308
154308,0,0.047916
154310,1,0.663483
154313,0,0.087293
154316,0,0.043823
154319,0,0.043395
154323,0,0.014120
154328,0,0.169463
154329,0,0.021844
154331,0,0.105008
154334,0,0.096779
154339,0,0.040039
154340,0,0.071704
154342,0,0.114280
154343,0,0.022583
154346,0,0.011081
154347,0,0.274600
154349,0,0.051888
154350,0,0.011794
154351,0,0.044694
154352,0,0.038410
154353,0,0.084641
154354,0,0.009106
154355,0,0.007663
154357,1,0.361957
154361,0,0.125942
154371,0,0.033743
154373,0,0.052047
154374,0,0.028870
154376,0,0.013484
154377,0,0.021302
154378,0,0.227095
154379,0,0.272814
154381,0,0.067460
154382,0,0.005448
154385,0,0.316894
154392,0,0.007006
154393,0,0.088512
154402,1,0.548261
154407,0,0.051239
154409,1,0.326872
154411,0,0.127789
154415,0,0.218870
154416,0,0.219142
154417,0,0.072775
154419,0,0.304678
154421,0,0.006258
154424,0,0.012103
154425,1,0.450371
154428,0,0.114267
154429,0,0.058801
154430,0,0.006861
154431,1,0.598183
154433,0,0.007685
154434,0,0.008044
154436,0,0.228281
154439,0,0.038880
154440,0,0.004978
154445,0,0.088905
154448,0,0.181363
154449,0,0.014244
154450,0,0.070525
154454,0,0.057217
154456,1,0.364133
154457,0,0.269412
154458,0,0.006590
154459,0,0.058822
154461,0,0.258655
154462,0,0.124791
154463,0,0.033589
154464,0,0.059864
154467,0,0.017808
154469,0,0.159640
154471,0,0.010660
154472,0,0.037503
154473,0,0.034628
154475,0,0.037631
154479,0,0.009627
154480,0,0.190726
154481,0,0.034880
154483,1,0.447481
154487,0,0.033641
154488,0,0.038846
154491,1,0.681557
154493,0,0.005021
154494,0,0.012575
154495,1,0.843580
154496,0,0.010014
154497,0,0.103678
154502,0,0.008988
154503,0,0.119198
154504,1,0.520225
154505,0,0.048095
154506,0,0.005161
154510,0,0.030557
154513,0,0.057052
154514,0,0.033380
154521,1,0.897255
154522,0,0.007245
154523,0,0.201167
154526,0,0.063822
154528,1,0.377771
154532,0,0.011482
154533,1,0.407299
154536,0,0.039267
154539,0,0.058144
154544,0,0.020866
154545,1,0.368174
154547,0,0.058789
154552,0,0.036831
154554,1,0.782254
154555,0,0.006410
154558,0,0.150293
154559,0,0.014785
154565,0,0.023800
154566,0,0.011022
154568,0,0.075484
154570,0,0.008349
154572,0,0.029927
154573,1,0.674183
154575,0,0.037862
154577,0,0.088703
154580,1,0.781149
154582,0,0.229912
154583,0,0.005698
154584,0,0.026187
154585,0,0.074622
154588,1,0.410412
154592,0,0.275242
154596,0,0.036842
154598,0,0.007842
154599,0,0.014499
154605,1,0.417675
154607,0,0.048937
154609,0,0.034109
154610,0,0.092308
154611,0,0.009470
154612,0,0.010421
154613,0,0.069415
154614,0,0.297737
154616,1,0.641818
154617,0,0.011633
154619,0,0.019520
154623,0,0.239578
154624,1,0.653777
154635,0,0.007951
154636,0,0.018579
154638,0,0.065203
154640,1,0.451985
154642,0,0.019402
154643,0,0.016358
154644,0,0.117735
154647,0,0.126435
154650,0,0.060679
154653,1,0.773142
154660,0,0.080556
154665,0,0.008209
154666,0,0.007004
154667,1,0.803477
154668,0,0.038849
154677,0,0.031960
154681,0,0.111890
154682,0,0.008404
154684,0,0.106364
154688,0,0.243513
154691,0,0.012884
154692,0,0.010040
154693,0,0.075035
154695,0,0.085086
154696,0,0.075855
154697,0,0.292758
154702,0,0.079529
154707,0,0.156780
154709,0,0.044140
154710,0,0.016227
154711,0,0.280627
154714,0,0.013842
154717,0,0.034240
154718,0,0.201212
154720,0,0.029225
154721,0,0.060029
154722,0,0.008056
154723,0,0.016769
154725,0,0.017364
154726,0,0.130611
154727,0,0.036031
154732,0,0.046807
154734,0,0.069884
154735,1,0.397593
154737,0,0.055396
154738,0,0.007036
154740,0,0.032569
154741,0,0.093578
154744,0,0.132509
154747,0,0.004190
154750,0,0.007362
154753,0,0.130125
154754,0,0.029663
154756,0,0.034767
154758,0,0.031120
154765,1,0.505653
154770,0,0.064409
154771,1,0.731001
154776,0,0.007202
154777,0,0.052980
154778,0,0.012252
154780,0,0.089148
154783,0,0.038763
154784,0,0.050042
154790,0,0.107654
154792,0,0.014243
154794,0,0.030339
154800,0,0.029564
154802,0,0.015052
154805,0,0.012823
154808,0,0.006621
154810,0,0.284356
154819,0,0.090518
154821,0,0.270553
154824,1,0.352698
154825,0,0.006274
154828,0,0.004993
154832,0,0.021179
154833,0,0.210940
154834,0,0.024577
154835,0,0.067104
154844,0,0.023930
154852,0,0.055832
154853,0,0.029266
154855,0,0.114725
154857,0,0.008132
154860,0,0.076297
154861,0,0.012271
154863,0,0.001811
154864,0,0.043745
154868,0,0.022003
154869,0,0.004869
154872,0,0.027447
154873,1,0.409521
154874,0,0.042448
154878,1,0.428617
154879,0,0.057295
154882,0,0.124223
154884,1,0.454525
154887,0,0.003812
154890,1,0.408254
154893,0,0.023644
154895,0,0.018726
154896,0,0.050898
154897,0,0.041487
154901,0,0.028912
154902,0,0.075747
154903,1,0.455582
154904,0,0.009389
154906,1,0.413599
154909,0,0.050813
154910,0,0.287734
154911,0,0.015950
154914,0,0.119945
154915,1,0.801551
154916,1,0.481139
154919,0,0.011910
154927,1,0.335163
154928,0,0.028055
154932,0,0.270380
154934,0,0.105171
154936,0,0.199480
154944,0,0.294288
154949,0,0.160103
154954,0,0.034142
154956,1,0.404531
154957,0,0.005222
154958,0,0.097235
154963,0,0.012722
154965,0,0.014257
154966,0,0.276282
154967,1,0.580033
154968,0,0.005857
154971,0,0.010581
154976,1,0.450997
154978,1,0.428932
154979,0,0.027821
154983,1,0.433973
154984,1,0.807536
154985,0,0.013842
154988,0,0.005090
154990,0,0.039718
154992,1,0.684408
154996,0,0.036659
155003,0,0.036340
155011,0,0.143808
155016,0,0.050291
155017,0,0.027187
155021,0,0.072374
155025,0,0.098570
155026,0,0.013905
155027,0,0.249673
155029,0,0.154788
155035,0,0.036657
155037,0,0.033163
155040,0,0.140631
155043,0,0.013003
155044,0,0.030017
155045,0,0.004334
155046,0,0.056210
155047,0,0.067274
155049,1,0.416939
155050,0,0.009494
155051,0,0.010689
155053,0,0.011404
155054,0,0.075202
155058,0,0.193406
155060,0,0.138420
155061,0,0.013605
155062,0,0.091420
155066,0,0.006829
155069,0,0.043750
155070,0,0.118101
155073,1,0.759415
155074,0,0.172932
155077,0,0.121178
155082,1,0.399241
155083,0,0.055999
155084,1,0.651246
155091,0,0.040649
155094,0,0.070952
155098,0,0.011179
155100,1,0.377447
155103,0,0.096883
155104,0,0.179807
155105,0,0.016103
155106,0,0.058765
155109,0,0.009499
155113,0,0.102986
155117,0,0.227678
155119,0,0.223503
155120,0,0.023356
155123,0,0.021230
155127,0,0.189151
155128,0,0.224318
155132,0,0.048481
155135,0,0.215227
155136,0,0.037787
155138,0,0.029689
155139,0,0.289427
155147,0,0.092304
155151,0,0.010431
155153,0,0.056656
155154,0,0.017353
155155,0,0.015462
155157,0,0.031764
155160,1,0.465008
155161,0,0.012770
155164,0,0.006878
155165,0,0.020050
155168,0,0.013451
155169,1,0.390802
155170,0,0.040145
155176,0,0.045350
155178,0,0.042186
155182,0,0.023340
155183,0,0.014968
155184,0,0.090553
155185,0,0.240651
155192,0,0.056582
155194,0,0.008622
155195,0,0.071472
155196,0,0.046520
155197,0,0.023875
155198,0,0.188132
155203,0,0.005510
155208,0,0.055397
155210,0,0.022915
155213,0,0.127766
155215,0,0.055122
155217,0,0.072805
155218,0,0.102299
155219,0,0.016624
155221,0,0.042321
155222,0,0.012975
155224,0,0.120587
155225,0,0.243388
155226,0,0.036110
155228,0,0.154636
155230,0,0.032220
155232,0,0.165336
155236,0,0.008700
155238,0,0.033812
155240,1,0.734250
155243,0,0.039793
155245,0,0.317671
155250,0,0.066738
155251,1,0.404987
155252,0,0.016066
155253,0,0.153955
155254,0,0.035286
155259,0,0.007728
155261,0,0.039021
155266,0,0.024574
155267,0,0.270994
155271,0,0.012864
155274,0,0.120826
155277,1,0.584014
155278,0,0.031614
155282,0,0.176705
155283,0,0.086539
155284,0,0.099886
155285,0,0.006332
155286,0,0.013633
155289,1,0.721900
155290,0,0.102542
155301,0,0.069508
155302,0,0.289148
155304,0,0.010281
155305,0,0.119526
155308,0,0.048684
155309,0,0.208683
155312,1,0.384603
155314,0,0.108706
155318,0,0.005330
155321,0,0.196290
155325,0,0.014903
155326,1,0.515806
155330,0,0.010907
155331,0,0.010925
155333,0,0.175293
155334,0,0.017759
155342,0,0.071441
155345,0,0.032463
155346,0,0.162307
155347,0,0.076497
155349,0,0.053780
155351,0,0.011619
155352,1,0.577444
155355,0,0.030784
155360,0,0.193947
155365,0,0.007859
155366,0,0.005089
155368,0,0.012776
155371,0,0.003191
155372,0,0.036669
155373,0,0.061259
155377,0,0.083270
155378,0,0.151356
155379,0,0.015352
155380,0,0.288162
155382,0,0.121385
155383,0,0.028832
155384,0,0.083432
155387,0,0.022394
155390,0,0.014507
155394,0,0.009122
155395,0,0.012512
155399,1,0.777928
155400,0,0.029104
155401,1,0.400777
155405,0,0.025977
155410,0,0.057493
155411,0,0.013662
155413,0,0.174117
155414,0,0.105104
155418,0,0.067091
155419,0,0.021845
155421,1,0.618900
155426,0,0.041746
155427,0,0.020679
155428,0,0.021511
155433,0,0.032639
155436,0,0.168474
155437,0,0.267692
155438,0,0.005747
155441,1,0.484910
155442,0,0.020796
155443,0,0.104980
155445,0,0.064080
155449,1,0.334562
155451,0,0.145663
155452,0,0.016339
155462,0,0.322357
155463,0,0.028919
155466,0,0.008901
155472,0,0.020246
155479,0,0.034248
155480,0,0.004483
155482,0,0.054136
155484,1,0.455151
155488,0,0.180342
155489,0,0.106524
155493,0,0.217008
155495,0,0.219319
155498,0,0.051867
155499,0,0.003804
155507,0,0.062825
155510,0,0.017009
155511,0,0.023328
155517,0,0.130548
155518,0,0.020053
155520,1,0.352732
155521,0,0.021316
155522,0,0.046401
155525,0,0.097023
155526,0,0.029898
155528,0,0.019935
155531,0,0.013295
155532,0,0.012982
155541,0,0.090192
155542,0,0.016976
155545,0,0.055090
155546,0,0.034776
155547,0,0.009216
155549,0,0.005368
155550,0,0.006913
155551,0,0.314859
155555,0,0.151470
155556,1,0.343947
155560,0,0.079545
155562,0,0.228533
155563,0,0.219563
155564,0,0.025552
155565,0,0.028522
155568,0,0.013732
155570,0,0.169550
155571,0,0.024659
155572,0,0.134061
155573,0,0.155880
155575,0,0.059024
155580,0,0.058320
155585,0,0.029485
155586,1,0.687148
155594,0,0.018901
155595,1,0.863805
155598,0,0.011196
155600,0,0.133654
155604,0,0.258554
155606,0,0.080240
155607,0,0.234045
155608,0,0.048964
155610,0,0.268569
155612,1,0.423450
155613,1,0.453469
155617,0,0.048141
155619,1,0.695402
155621,1,0.572377
155623,0,0.168802
155629,0,0.065860
155630,0,0.286528
155631,0,0.212085
155633,0,0.012895
155634,0,0.020368
155636,0,0.075119
155637,0,0.124720
155638,0,0.008214
155641,1,0.605305
155645,0,0.089143
155648,0,0.085136
155649,0,0.318733
155650,0,0.010195
155654,0,0.024310
155655,0,0.012025
155656,0,0.012748
155659,0,0.072178
155661,0,0.003599
155668,0,0.037385
155669,0,0.066064
155670,0,0.059351
155674,0,0.058195
155685,0,0.006604
155686,0,0.065658
155687,0,0.028083
155691,0,0.154717
155692,0,0.157492
155694,0,0.202163
155699,0,0.064940
155700,0,0.096413
155706,0,0.063145
155707,1,0.431829
155709,0,0.024975
155712,0,0.056355
155715,0,0.086000
155721,0,0.049768
155722,0,0.270905
155723,1,0.491661
155728,0,0.007569
155733,0,0.020022
155734,0,0.013733
155736,0,0.273102
155745,1,0.466488
155748,0,0.034423
155750,0,0.039757
155754,1,0.460791
155756,0,0.018256
155759,0,0.320754
155764,1,0.517120
155768,0,0.288962
155770,0,0.060755
155771,0,0.025917
155772,0,0.022221
155773,0,0.007360
155774,0,0.005030
155775,0,0.024365
155778,0,0.293637
155779,1,0.608484
155780,0,0.013057
155782,0,0.098963
155783,0,0.307200
155786,0,0.143253
155787,0,0.035946
155788,0,0.011728
155789,0,0.020616
155790,0,0.050364
155791,0,0.140808
155794,0,0.045412
155795,1,0.354030
155796,0,0.181269
155798,0,0.016078
155799,0,0.008647
155801,0,0.013081
155802,0,0.048063
155806,0,0.215371
155808,0,0.035348
155809,0,0.076011
155814,0,0.013788
155815,1,0.380420
155816,0,0.082847
155819,1,0.334976
155820,1,0.326486
155822,0,0.120318
155824,0,0.018615
155826,0,0.215212
155828,0,0.055065
155830,0,0.039603
155832,1,0.369085
155838,0,0.072026
155839,0,0.070789
155841,0,0.031232
155844,0,0.132861
155845,1,0.673718
155846,0,0.023966
155849,0,0.028179
155851,0,0.011819
155852,0,0.263598
155854,0,0.009165
155857,0,0.235824
155858,0,0.029546
155861,0,0.006539
155862,0,0.123807
155863,0,0.007793
155867,0,0.049993
155868,0,0.026454
155871,0,0.005585
155873,0,0.038308
155875,0,0.161726
155876,0,0.017119
155884,0,0.173877
155888,1,0.711006
155889,0,0.034365
155891,0,0.067291
155893,0,0.011771
155894,0,0.010200
155898,0,0.013187
155899,0,0.243717
155900,0,0.251668
155904,0,0.015634
155907,0,0.031339
155908,0,0.262044
155909,0,0.021132
155910,1,0.334554
155913,0,0.124955
155915,0,0.191498
155918,1,0.759468
155923,0,0.007286
155927,0,0.157664
155928,0,0.259878
155929,0,0.165962
155932,0,0.021037
155933,1,0.451451
155936,1,0.329015
155937,0,0.009914
155938,0,0.135640
155939,0,0.017465
155944,0,0.065179
155949,0,0.147335
155950,0,0.009004
155954,0,0.024178
155958,0,0.236626
155965,0,0.032461
155967,0,0.126161
155968,0,0.017322
155969,0,0.077525
155972,0,0.061912
155973,0,0.024988
155977,1,0.848400
155981,1,0.801701
155983,0,0.210104
155984,0,0.151875
155987,1,0.683574
155990,0,0.008615
155991,1,0.350501
155994,0,0.019738
155996,0,0.032309
155999,0,0.311733
156002,0,0.037206
156005,0,0.011803
156006,0,0.018349
156008,0,0.158717
156011,0,0.151406
156014,0,0.026593
156018,0,0.034769
156020,0,0.038857
156021,0,0.047220
156031,1,0.588200
156034,0,0.109943
156035,0,0.005383
156037,0,0.013291
156038,0,0.040726
156041,0,0.220015
156042,1,0.478913
156043,0,0.004121
156044,0,0.296804
156049,0,0.089001
156051,0,0.026539
156052,0,0.075666
156058,0,0.095205
156060,0,0.137401
156063,1,0.717317
156064,1,0.553393
156065,0,0.027550
156068,1,0.449418
156069,0,0.036744
156072,0,0.012686
156075,0,0.010340
156078,0,0.115221
156081,0,0.011994
156082,0,0.106410
156084,0,0.041391
156085,0,0.119074
156089,0,0.310220
156090,0,0.066355
156092,0,0.105026
156093,1,0.479431
156094,1,0.328142
156095,1,0.456309
156096,0,0.004598
156098,0,0.090094
156104,0,0.013855
156112,0,0.015924
156113,0,0.010028
156115,0,0.061024
156117,0,0.010322
156122,1,0.414497
156124,0,0.189685
156125,0,0.033363
156126,1,0.480764
156129,0,0.259296
156130,0,0.024685
156131,0,0.166816
156132,0,0.009196
156135,0,0.030355
156139,0,0.178317
156142,0,0.029065
156143,0,0.118301
156147,0,0.260723
156148,1,0.615547
156149,0,0.037268
156150,1,0.355449
156153,0,0.006034
156157,0,0.229259
156160,0,0.020503
156161,1,0.619079
156162,0,0.107479
156168,0,0.164197
156170,0,0.064191
156171,0,0.120869
156172,1,0.526398
156174,0,0.318549
156175,0,0.227738
156181,0,0.135565
156182,0,0.196073
156188,0,0.194933
156189,1,0.331185
156195,0,0.114595
156197,0,0.008557
156201,0,0.163097
156205,0,0.061483
156210,0,0.275525
156216,1,0.374321
156221,0,0.142252
156222,0,0.021896
156224,0,0.064939
156225,0,0.124330
156234,0,0.295949
156239,0,0.045413
156241,1,0.473226
156242,0,0.011831
156244,0,0.022844
156245,0,0.193283
156247,1,0.339391
156254,0,0.013249
156255,1,0.482101
156258,0,0.032482
156259,0,0.075668
156262,0,0.011948
156265,1,0.732590
156268,0,0.004712
156273,0,0.127025
156276,1,0.325060
156278,0,0.085067
156280,0,0.020681
156282,0,0.008281
156284,1,0.606526
156285,0,0.006691
156287,0,0.010611
156288,0,0.009162
156290,0,0.147424
156292,0,0.080728
156293,1,0.381710
156296,0,0.043763
156304,0,0.008051
156306,0,0.073400
156307,0,0.148165
156309,1,0.794825
156311,0,0.018122
156316,0,0.102324
156317,1,0.336653
156319,0,0.010531
156320,0,0.127129
156321,0,0.004379
156322,0,0.014224
156323,0,0.012835
156326,0,0.186752
156328,1,0.489903
156330,0,0.016265
156333,0,0.017478
156335,0,0.047977
156336,0,0.154032
156343,0,0.144266
156344,0,0.051759
156349,0,0.012383
156350,0,0.056213
156353,1,0.423785
156355,0,0.029667
156359,1,0.689722
156362,0,0.197276
156363,1,0.414521
156365,0,0.017842
156368,0,0.021515
156372,0,0.016471
156373,0,0.017798
156374,1,0.399327
156377,0,0.165215
156378,0,0.144220
156383,1,0.619059
156387,0,0.241500
156390,0,0.014899
156399,0,0.038112
156404,0,0.065955
156410,0,0.010087
156415,0,0.022236
156421,0,0.322098
156425,0,0.039517
156426,0,0.006635
156431,0,0.037800
156438,1,0.332868
156439,0,0.003783
156441,0,0.058498
156446,0,0.189482
156450,1,0.366418
156454,0,0.087289
156456,0,0.009218
156459,0,0.011835
156461,0,0.009952
156462,0,0.086782
156463,0,0.015097
156464,0,0.174256
156467,0,0.010184
156468,0,0.123499
156469,0,0.009774
156471,0,0.044208
156472,1,0.579583
156474,0,0.010844
156475,0,0.014785
156476,0,0.137046
156479,0,0.015207
156481,0,0.006916
156483,0,0.005407
156487,0,0.033186
156489,0,0.051775
156490,0,0.117764
156492,0,0.016465
156495,1,0.668777
156498,0,0.085597
156500,0,0.007323
156501,0,0.011923
156507,0,0.007412
156508,0,0.314763
156509,0,0.140936
156510,0,0.173397
156513,0,0.044306
156515,0,0.003570
156517,0,0.158074
156521,0,0.004540
156522,0,0.050655
156524,0,0.053437
156525,1,0.392292
156527,1,0.356678
156528,1,0.486089
156530,0,0.003301
156532,0,0.006539
156533,0,0.088716
156537,0,0.009153
156539,0,0.014881
156542,1,0.828507
156545,0,0.024162
156546,0,0.064491
156547,0,0.026886
156548,0,0.164698
156555,1,0.391346
156560,0,0.255016
156563,1,0.531178
156566,0,0.045671
156570,0,0.066292
156572,1,0.666018
156579,0,0.031090
156581,1,0.532092
156582,0,0.194716
156583,1,0.468676
156584,0,0.017578
156585,0,0.007854
156586,0,0.091119
156587,0,0.068018
156591,0,0.047854
156594,0,0.123236
156595,0,0.202751
156596,0,0.044562
156599,0,0.004862
156602,0,0.119914
156604,1,0.631580
156605,0,0.077410
156609,0,0.174277
156611,1,0.734057
156612,0,0.105895
156613,0,0.013499
156617,0,0.016302
156619,0,0.017559
156623,0,0.042610
156624,0,0.036421
156628,0,0.081832
156631,0,0.157177
156635,0,0.013382
156636,0,0.227195
156640,0,0.058957
156643,1,0.625944
156648,0,0.023397
156649,0,0.272153
156651,0,0.017734
156653,0,0.053450
156654,0,0.227084
156655,0,0.068398
156656,1,0.611919
156662,0,0.008111
156666,1,0.418145
156668,0,0.059228
156673,0,0.014584
156677,1,0.749014
156678,0,0.044719
156683,0,0.134701
156684,0,0.017551
156686,0,0.009090
156687,0,0.136281
156688,1,0.346202
156689,0,0.008621
156691,1,0.458171
156692,0,0.071257
156693,0,0.224975
156702,0,0.053823
156703,0,0.026927
156710,0,0.109464
156713,0,0.046151
156714,0,0.021004
156720,0,0.014859
156721,0,0.076581
156722,0,0.021019
156725,0,0.025917
156732,0,0.020618
156735,0,0.054753
156739,1,0.393118
156741,0,0.043435
156742,1,0.656034
156744,1,0.880638
156745,0,0.107020
156753,0,0.125655
156756,0,0.180432
156762,0,0.030655
156764,0,0.015896
156766,0,0.034739
156768,1,0.740821
156774,0,0.059690
156775,0,0.010862
156777,0,0.294856
156779,0,0.014885
156780,1,0.430080
156782,0,0.013501
156783,0,0.100460
156786,0,0.015795
156791,0,0.226476
156794,0,0.027540
156796,0,0.017218
156798,1,0.755880
156800,0,0.074685
156802,0,0.027669
156804,0,0.099036
156805,1,0.481611
156806,0,0.108493
156807,0,0.007110
156809,0,0.077217
156818,0,0.037702
156820,0,0.041129
156821,0,0.018739
156822,0,0.138642
156823,0,0.250766
156824,0,0.124505
156826,1,0.449031
156829,0,0.079021
156830,0,0.212593
156834,0,0.017414
156835,0,0.301044
156843,0,0.091317
156845,0,0.046744
156846,0,0.151005
156847,0,0.015877
156849,1,0.503609
156853,0,0.094544
156854,0,0.073673
156857,1,0.384520
156859,0,0.060326
156864,0,0.065541
156865,1,0.662013
156874,1,0.405557
156881,0,0.105888
156882,0,0.021846
156883,0,0.125879
156886,1,0.656707
156892,0,0.313915
156893,0,0.027759
156896,0,0.077297
156897,0,0.032928
156898,1,0.328208
156900,1,0.442669
156904,0,0.281669
156905,0,0.073178
156908,1,0.684801
156909,0,0.009587
156910,0,0.011292
156911,0,0.018908
156912,0,0.221099
156913,0,0.219624
156917,0,0.284497
156919,1,0.485506
156923,0,0.107429
156925,0,0.016076
156930,1,0.631554
156937,0,0.048389
156938,0,0.038034
156940,0,0.021082
156941,0,0.008661
156945,1,0.336203
156950,0,0.058255
156952,1,0.338628
156963,0,0.032581
156964,0,0.037154
156965,0,0.003847
156969,0,0.057673
156972,0,0.032688
156973,0,0.037820
156974,1,0.387886
156975,1,0.594126
156980,0,0.244191
156989,1,0.615474
156990,0,0.259232
156995,0,0.253492
156996,0,0.083755
157002,0,0.021415
157003,0,0.277332
157006,0,0.011167
157008,0,0.073472
157009,0,0.302205
157011,0,0.035473
157013,0,0.055997
157014,1,0.763573
157016,1,0.353543
157018,0,0.004489
157021,0,0.182255
157022,0,0.323671
157024,0,0.112170
157028,0,0.006032
157030,0,0.005254
157032,0,0.129953
157034,0,0.040790
157035,0,0.011330
157036,0,0.050917
157039,0,0.185589
157040,0,0.007100
157041,0,0.234299
157043,0,0.107020
157048,0,0.011598
157055,0,0.117557
157059,1,0.533665
157060,1,0.411245
157061,0,0.004483
157070,0,0.190051
157072,0,0.313586
157079,0,0.017772
157080,0,0.122807
157082,0,0.010424
157090,0,0.010902
157092,0,0.020139
157104,0,0.242111
157105,0,0.021554
157107,0,0.004299
157116,0,0.014126
157118,1,0.417100
157124,0,0.021357
157128,0,0.014990
157129,0,0.022132
157132,0,0.024872
157133,1,0.696092
157136,0,0.104880
157137,0,0.070996
157139,1,0.546562
157140,0,0.074894
157142,0,0.008923
157147,1,0.566633
157151,0,0.181732
157153,0,0.149398
157156,0,0.094944
157159,0,0.031700
157163,0,0.007618
157172,1,0.579226
157174,0,0.068333
157175,0,0.008818
157180,0,0.013439
157181,1,0.471371
157183,0,0.197896
157186,0,0.009330
157189,1,0.535559
157194,0,0.005385
157199,0,0.151181
157201,0,0.014623
157204,0,0.016487
157209,0,0.005595
157210,0,0.028834
157212,0,0.009443
157215,0,0.227016
157225,0,0.006177
157226,0,0.036087
157230,0,0.012805
157233,0,0.154657
157234,1,0.798510
157236,0,0.095442
157240,1,0.833169
157241,0,0.025434
157245,0,0.006702
157247,0,0.014060
157248,0,0.010480
157252,0,0.134202
157255,0,0.034289
157256,0,0.030944
157258,0,0.027146
157260,0,0.164822
157269,0,0.058987
157273,0,0.017752
157276,1,0.830933
157277,0,0.111902
157278,0,0.008031
157279,0,0.048202
157280,0,0.018410
157284,0,0.045343
157285,0,0.119895
157287,0,0.028738
157289,0,0.041269
157291,0,0.009901
157292,0,0.049520
157294,0,0.059931
157295,0,0.021990
157296,0,0.105958
157297,0,0.088282
157300,0,0.012642
157304,0,0.131250
157307,0,0.032918
157308,0,0.221116
157320,1,0.526192
157323,1,0.622527
157325,1,0.586780
157328,0,0.068148
157334,0,0.007134
157335,0,0.024796
157338,0,0.317294
157340,0,0.166390
157342,0,0.009516
157343,0,0.043337
157344,0,0.153731
157346,0,0.014648
157347,0,0.043604
157351,0,0.006267
157353,0,0.081380
157355,0,0.182810
157360,0,0.010591
157361,0,0.008553
157368,0,0.014952
157371,0,0.013524
157376,0,0.033817
157378,0,0.142277
157379,0,0.033190
157381,0,0.003642
157386,0,0.151296
157388,0,0.025984
157389,0,0.034788
157391,1,0.656254
157392,0,0.005329
157393,0,0.033167
157399,0,0.030683
157400,0,0.028247
157411,0,0.010558
157412,0,0.076099
157415,0,0.081519
157416,0,0.052813
157417,0,0.014284
157421,0,0.255701
157422,0,0.021067
157423,0,0.033311
157424,0,0.081802
157428,0,0.181369
157429,0,0.036412
157431,1,0.456054
157433,0,0.028309
157441,0,0.022189
157449,0,0.025547
157452,0,0.015298
157457,0,0.167692
157459,0,0.050540
157463,0,0.019637
157465,0,0.082123
157466,0,0.007324
157467,0,0.019402
157471,1,0.645503
157472,0,0.030934
157473,0,0.207506
157474,0,0.077404
157475,0,0.008620
157480,1,0.848263
157482,0,0.080780
157483,0,0.009672
157485,0,0.034767
157486,0,0.237654
157493,0,0.114150
157496,0,0.004166
157498,0,0.079565
157500,0,0.261454
157501,0,0.229662
157504,0,0.066334
157506,0,0.020349
157507,0,0.006178
157508,0,0.075354
157511,0,0.144769
157513,0,0.019504
157515,1,0.362825
157520,0,0.322522
157523,1,0.397565
157524,0,0.120351
157527,1,0.497457
157529,0,0.016612
157531,0,0.004674
157532,0,0.037408
157533,0,0.009839
157534,0,0.181248
157536,0,0.029372
157538,0,0.004468
157542,0,0.049790
157545,0,0.007738
157547,0,0.035012
157548,0,0.019254
157550,0,0.013512
157552,0,0.041913
157554,0,0.011048
157555,0,0.005564
157556,1,0.706799
157557,0,0.049084
157558,0,0.007319
157561,0,0.187965
157566,0,0.015391
157570,0,0.008760
157572,0,0.219788
157574,0,0.014162
157577,0,0.018931
157581,0,0.206253
157582,0,0.007998
157583,0,0.236207
157589,0,0.029854
157592,0,0.274332
157594,0,0.003506
157595,0,0.012040
157596,0,0.090227
157598,0,0.077266
157601,0,0.190411
157609,1,0.528175
157611,0,0.127001
157613,0,0.007133
157615,0,0.018503
157619,0,0.010922
157620,1,0.623274
157628,0,0.036838
157629,0,0.020717
157635,0,0.191839
157640,1,0.402991
157641,0,0.087875
157643,0,0.006814
157645,0,0.091456
157646,0,0.097856
157649,0,0.015301
157651,1,0.722205
157652,0,0.016897
157654,0,0.257713
157656,1,0.542827
157657,0,0.021041
157660,0,0.015989
157661,1,0.728788
157663,0,0.037233
157666,0,0.059615
157668,0,0.008858
157671,0,0.110637
157673,1,0.485776
157675,0,0.025785
157676,0,0.046797
157679,0,0.007688
157682,0,0.157277
157683,0,0.028338
157685,0,0.256992
157687,0,0.012244
157688,0,0.017171
157689,0,0.094482
157690,0,0.033219
157693,0,0.104764
157701,1,0.391872
157706,0,0.061655
157709,0,0.043984
157710,0,0.021091
157716,0,0.044913
157719,0,0.240198
157726,0,0.175517
157727,0,0.114752
157729,0,0.154377
157730,0,0.039984
157732,0,0.079638
157733,0,0.018508
157734,0,0.233307
157735,1,0.580718
157736,0,0.239534
157737,0,0.022103
157738,0,0.297192
157740,1,0.433964
157743,0,0.061741
157745,1,0.516727
157747,0,0.251340
157749,1,0.342479
157753,0,0.072647
157755,0,0.068461
157758,0,0.020013
157759,0,0.266166
157764,0,0.017982
157766,0,0.019330
157768,0,0.018547
157772,0,0.032579
157774,0,0.065416
157775,1,0.398539
157779,0,0.308003
157785,0,0.160586
157787,0,0.195041
157790,0,0.008389
157794,0,0.065158
157796,0,0.058100
157798,0,0.025855
157806,0,0.041575
157807,0,0.084959
157808,0,0.007558
157809,0,0.103653
157812,0,0.027262
157814,0,0.292870
157817,0,0.223120
157818,0,0.014683
157823,0,0.006220
157829,1,0.404578
157832,1,0.544855
157833,0,0.147639
157834,0,0.024576
157835,0,0.021054
157836,0,0.010179
157837,0,0.011262
157838,0,0.259996
157839,0,0.014114
157840,0,0.287919
157841,0,0.303941
157842,0,0.240028
157843,0,0.110008
157845,0,0.108567
157847,1,0.367245
157848,0,0.224622
157849,0,0.316011
157850,1,0.815653
157852,0,0.020471
157854,0,0.056238
157856,0,0.248509
157859,0,0.013641
157861,0,0.036553
157862,0,0.042903
157866,0,0.150979
157870,0,0.091487
157872,1,0.549532
157875,0,0.079273
157877,0,0.224421
157878,0,0.021350
157880,0,0.041373
157881,0,0.074312
157885,1,0.477750
157886,0,0.046896
157887,1,0.353058
157890,0,0.257239
157891,1,0.325162
157893,0,0.017021
157894,0,0.076120
157899,0,0.014409
157900,1,0.325811
157903,1,0.417188
157904,0,0.258807
157906,0,0.017506
157908,0,0.024378
157912,0,0.007150
157915,0,0.037960
157918,0,0.024959
157920,1,0.569503
157925,0,0.175298
157928,0,0.087075
157929,0,0.004376
157930,0,0.027026
157931,0,0.149040
157933,0,0.134337
157936,1,0.419654
157941,0,0.010958
157943,0,0.022093
157944,0,0.009835
157945,0,0.218381
157948,0,0.181834
157949,0,0.009828
157950,0,0.148432
157951,0,0.095665
157952,0,0.091305
157953,0,0.015413
157958,1,0.679330
157963,0,0.029951
157964,0,0.018302
157965,0,0.147060
157969,0,0.005750
157972,0,0.079335
157973,0,0.052653
157974,0,0.050752
157975,1,0.605053
157976,0,0.130873
157977,0,0.204405
157981,0,0.109257
157982,0,0.059288
157985,0,0.030039
157986,0,0.064308
157990,0,0.005779
157994,0,0.182091
157995,0,0.232539
157997,0,0.099273
158000,0,0.047054
158002,0,0.018230
158003,0,0.013668
158004,0,0.027802
158007,0,0.037807
158008,0,0.022069
158010,0,0.091713
158011,0,0.041827
158016,0,0.023148
158021,0,0.013987
158023,1,0.568518
158025,0,0.215125
158029,0,0.133969
158032,0,0.042759
158034,0,0.010284
158035,0,0.006293
158036,0,0.062173
158038,0,0.105551
158047,0,0.286744
158048,0,0.250543
158053,0,0.067581
158054,0,0.187655
158057,1,0.384304
158058,0,0.050143
158060,0,0.011425
158062,0,0.015688
158063,1,0.587526
158064,0,0.014720
158065,0,0.148391
158066,0,0.112921
158069,0,0.041725
158070,0,0.051607
158071,0,0.097959
158072,0,0.033473
158074,0,0.009820
158075,0,0.063380
158077,1,0.566068
158080,1,0.665299
158081,0,0.014955
158083,0,0.042162
158084,0,0.008094
158085,0,0.019745
158086,0,0.207272
158088,0,0.011429
158089,0,0.009663
158090,1,0.392209
158095,0,0.009639
158098,0,0.019262
158099,0,0.003903
158101,0,0.012481
158102,0,0.132727
158103,0,0.024712
158105,0,0.097607
158106,0,0.007903
158114,0,0.099451
158115,1,0.435271
158116,0,0.013513
158117,0,0.263691
158119,0,0.007063
158121,0,0.162888
158123,0,0.143003
158126,0,0.004673
158127,1,0.349645
158128,0,0.179876
158130,0,0.279071
158131,0,0.270384
158132,1,0.753374
158134,0,0.015559
158135,0,0.172118
158144,0,0.004414
158147,0,0.248745
158148,0,0.010500
158150,0,0.130845
158151,1,0.690297
158155,0,0.012957
158157,0,0.019683
158158,0,0.037465
158160,0,0.035061
158164,1,0.333382
158165,0,0.173686
158167,0,0.008087
158168,0,0.162137
158170,0,0.157065
158177,0,0.040879
158179,0,0.017864
158190,1,0.345296
158196,0,0.151747
158197,1,0.622079
158205,0,0.041620
158208,0,0.082894
158210,0,0.214228
158211,1,0.607584
158213,0,0.131596
158215,0,0.009036
158216,1,0.350687
158217,0,0.205848
158223,1,0.403353
158224,0,0.181167
158230,0,0.019543
158232,0,0.108719
158233,0,0.037723
158238,0,0.018646
158244,0,0.018879
158245,0,0.057778
158248,0,0.020828
158249,0,0.009425
158250,0,0.073946
158252,0,0.256560
158255,0,0.123488
158256,0,0.036860
158260,0,0.004098
158265,0,0.008540
158266,0,0.025774
158267,0,0.028673
158268,0,0.055370
158274,1,0.440442
158279,0,0.005187
158280,0,0.060760
158288,0,0.053321
158290,0,0.006317
158293,1,0.681789
158295,0,0.259898
158296,0,0.008567
158300,0,0.036062
158304,0,0.090867
158308,0,0.096257
158311,0,0.027367
158315,0,0.005597
158316,0,0.067712
158322,0,0.015295
158325,0,0.006835
158326,0,0.010742
158332,0,0.005448
158337,0,0.156871
158345,0,0.063132
158348,1,0.495821
158349,0,0.106971
158351,1,0.349086
158353,0,0.039359
158354,0,0.081739
158355,0,0.285828
158357,0,0.009291
158364,0,0.202647
158369,0,0.038038
158372,0,0.025400
158377,0,0.036092
158379,0,0.290764
158382,1,0.576348
158384,0,0.022901
158386,0,0.026520
158387,0,0.099803
158389,1,0.398491
158390,1,0.439120
158391,0,0.022519
158393,1,0.723255
158395,0,0.077203
158396,0,0.189275
158397,0,0.252196
158401,0,0.047109
158402,0,0.003692
158403,0,0.014457
158407,0,0.158181
158408,0,0.005798
158414,0,0.031713
158418,0,0.113703
158421,1,0.527343
158423,0,0.032407
158424,1,0.364085
158436,0,0.006554
158438,0,0.027740
158439,0,0.026776
158441,0,0.078957
158443,0,0.079536
158447,0,0.019906
158448,0,0.041793
158449,1,0.720199
158451,0,0.029384
158452,0,0.016372
158453,0,0.009552
158461,1,0.426074
158463,0,0.048728
158464,0,0.040692
158470,0,0.039024
158473,0,0.077021
158475,0,0.009519
158476,0,0.087759
158481,0,0.241709
158484,1,0.360986
158488,0,0.006631
158490,0,0.035176
158492,0,0.267226
158493,0,0.026577
158499,1,0.891163
158500,0,0.090732
158501,1,0.535975
158504,0,0.254427
158508,0,0.063223
158509,0,0.015034
158511,0,0.049585
158515,0,0.049829
158516,0,0.154193
158518,0,0.030919
158520,0,0.077459
158522,0,0.192803
158523,0,0.013315
158524,0,0.015269
158529,0,0.132735
158533,0,0.137747
158534,0,0.028116
158539,0,0.061834
158546,0,0.026740
158547,0,0.085331
158556,1,0.780170
158558,0,0.021043
158560,1,0.671341
158562,0,0.017688
158563,0,0.090738
158565,0,0.009862
158567,0,0.101427
158572,0,0.301826
158573,0,0.017739
158576,1,0.358423
158580,0,0.049042
158584,0,0.012906
158586,0,0.006101
158590,0,0.024814
158592,0,0.009409
158594,0,0.107986
158595,0,0.124774
158596,0,0.188541
158603,0,0.016329
158605,0,0.131128
158608,0,0.014367
158611,0,0.071650
158612,0,0.025004
158613,0,0.040052
158614,0,0.314036
158620,0,0.010277
158621,1,0.424955
158623,0,0.015199
158624,0,0.091867
158626,0,0.193367
158627,0,0.005151
158628,0,0.109115
158629,0,0.083685
158632,1,0.451423
158633,1,0.473454
158636,0,0.045804
158642,0,0.054446
158644,0,0.012170
158646,1,0.328534
158649,1,0.691121
158655,0,0.010160
158657,0,0.009213
158661,0,0.073477
158666,0,0.031213
158669,0,0.271300
158672,0,0.008396
158679,0,0.228125
158681,0,0.242418
158689,1,0.337984
158690,0,0.017997
158692,0,0.012631
158693,0,0.231071
158694,0,0.242489
158699,0,0.020154
158703,0,0.136256
158704,0,0.158635
158709,1,0.373853
158714,0,0.012836
158715,0,0.215458
158716,1,0.478663
158717,0,0.003702
158722,0,0.087524
158727,0,0.114901
158728,0,0.082242
158729,0,0.017203
158731,0,0.162712
158732,0,0.049172
158734,0,0.108473
158739,0,0.018118
158743,0,0.015876
158746,0,0.008961
158748,0,0.021970
158749,1,0.443263
158752,0,0.048851
158753,1,0.705547
158754,0,0.027394
158755,0,0.067041
158758,0,0.152396
158759,0,0.072677
158762,0,0.015677
158766,1,0.484641
158768,0,0.070353
158769,0,0.235095
158770,0,0.055302
158771,0,0.096395
158772,0,0.021241
158773,0,0.017482
158774,0,0.054621
158775,1,0.410412
158777,0,0.122238
158779,0,0.188337
158780,0,0.050627
158781,0,0.147332
158786,0,0.027634
158793,0,0.020180
158797,0,0.042534
158803,0,0.015367
158808,0,0.073607
158809,0,0.040068
158811,1,0.480619
158812,0,0.040538
158813,0,0.069880
158815,0,0.030077
158819,0,0.003796
158826,0,0.068088
158832,0,0.219416
158833,0,0.015979
158834,0,0.218723
158836,1,0.415737
158837,0,0.094373
158839,0,0.011598
158840,1,0.334115
158851,0,0.034448
158852,0,0.007928
158854,1,0.456674
158855,0,0.012726
158857,0,0.043826
158862,0,0.009419
158863,0,0.061364
158865,1,0.467800
158868,0,0.029136
158869,1,0.449925
158871,0,0.011141
158872,1,0.577736
158873,0,0.024465
158880,0,0.017600
158882,0,0.017487
158884,0,0.090006
158886,0,0.199166
158892,0,0.032636
158893,1,0.518546
158895,0,0.042483
158898,0,0.011456
158899,0,0.003823
158900,0,0.025234
158902,0,0.192010
158905,0,0.052743
158912,1,0.439494
158914,0,0.049771
158915,0,0.240549
158916,0,0.024508
158922,0,0.186739
158924,0,0.297516
158926,0,0.005745
158927,0,0.015818
158928,0,0.013458
158932,0,0.182800
158933,0,0.009619
158935,0,0.020904
158938,0,0.027589
158944,0,0.301390
158947,1,0.359302
158948,0,0.064287
158949,0,0.061903
158953,0,0.029580
158954,0,0.036620
158957,0,0.113757
158958,0,0.104186
158961,0,0.095894
158971,0,0.149963
158972,1,0.643127
158977,0,0.011146
158978,0,0.011048
158980,0,0.110266
158986,0,0.040264
158987,0,0.257505
158991,0,0.011248
158993,0,0.018905
158994,0,0.028327
158995,0,0.053120
158996,0,0.026826
158997,0,0.006826
159004,0,0.024194
159006,0,0.022619
159007,0,0.052074
159009,0,0.024073
159011,0,0.017519
159012,1,0.571483
159014,0,0.014062
159016,0,0.061722
159017,0,0.081775
159018,0,0.116542
159019,0,0.054499
159020,0,0.115343
159021,0,0.043912
159022,1,0.327643
159023,0,0.211246
159024,0,0.039041
159026,0,0.263509
159030,0,0.018133
159031,0,0.145355
159033,0,0.065817
159034,0,0.050864
159038,1,0.373892
159044,0,0.236145
159046,0,0.042057
159048,0,0.038308
159049,0,0.026171
159052,0,0.034001
159055,0,0.181981
159058,0,0.250837
159064,0,0.026150
159067,0,0.011278
159068,1,0.621443
159074,0,0.054408
159077,0,0.098295
159079,0,0.113524
159084,0,0.003893
159086,0,0.015387
159091,0,0.178497
159092,0,0.029274
159094,0,0.009062
159099,1,0.597240
159106,0,0.025974
159109,0,0.024024
159110,0,0.010003
159112,0,0.045181
159113,1,0.555446
159117,0,0.061736
159120,0,0.008484
159121,0,0.008108
159125,0,0.029775
159126,1,0.631286
159127,0,0.015945
159134,0,0.109521
159135,0,0.057159
159139,0,0.283000
159141,0,0.292017
159143,0,0.099064
159144,0,0.010368
159145,0,0.052163
159148,0,0.178668
159149,0,0.006375
159153,0,0.022246
159158,0,0.096578
159161,0,0.054216
159162,0,0.006352
159163,0,0.016131
159164,0,0.037989
159165,0,0.030538
159168,0,0.146072
159170,0,0.281040
159180,0,0.011131
159185,0,0.016185
159187,0,0.033965
159189,0,0.311759
159190,0,0.018227
159191,1,0.889036
159192,0,0.008633
159193,0,0.003556
159196,0,0.120368
159198,0,0.049471
159200,0,0.026889
159201,0,0.008178
159203,0,0.010195
159205,0,0.010340
159206,1,0.552295
159208,0,0.025011
159209,1,0.333238
159210,0,0.005820
159214,0,0.075811
159215,0,0.007466
159222,0,0.031807
159223,0,0.208060
159228,0,0.207815
159230,0,0.145398
159232,0,0.024882
159233,0,0.026744
159238,0,0.008410
159239,0,0.065767
159242,0,0.127977
159243,0,0.009372
159244,0,0.174042
159247,0,0.135814
159249,0,0.162125
159257,1,0.399708
159261,0,0.013041
159263,0,0.033175
159264,0,0.072306
159265,0,0.102087
159270,1,0.363332
159272,1,0.684165
159274,0,0.024701
159276,0,0.008299
159278,0,0.009937
159280,0,0.005137
159281,0,0.026002
159286,0,0.015598
159290,0,0.006811
159294,1,0.341240
159295,0,0.095516
159296,0,0.197996
159300,0,0.013784
159304,0,0.062392
159306,1,0.389587
159307,0,0.100577
159311,0,0.170683
159314,0,0.188923
159316,0,0.229411
159317,0,0.040240
159322,0,0.282203
159326,0,0.059446
159327,0,0.035540
159328,0,0.232256
159330,0,0.008480
159332,0,0.048145
159342,0,0.021080
159343,0,0.017245
159344,1,0.575916
159346,0,0.232023
159347,0,0.286713
159348,0,0.212265
159349,0,0.040859
159352,0,0.217838
159353,0,0.082711
159355,0,0.275171
159356,0,0.236831
159357,0,0.038772
159359,0,0.279869
159361,0,0.010334
159363,0,0.054547
159365,0,0.005545
159373,1,0.432671
159374,0,0.044253
159377,0,0.027153
159379,0,0.013707
159380,0,0.070883
159382,0,0.059631
159383,0,0.037674
159384,0,0.034182
159387,0,0.113700
159388,0,0.095388
159389,0,0.083988
159397,0,0.096656
159399,0,0.070805
159401,0,0.016986
159402,0,0.041706
159407,0,0.018572
159409,0,0.130875
159411,0,0.028140
159415,1,0.365101
159416,1,0.383818
159424,0,0.124998
159425,1,0.431444
159429,0,0.011910
159430,0,0.055250
159431,0,0.077187
159432,0,0.013673
159435,1,0.749628
159442,0,0.173496
159445,0,0.259572
159448,0,0.004723
159450,0,0.007550
159452,0,0.075102
159453,0,0.035390
159456,0,0.056754
159457,0,0.013372
159460,0,0.085437
159461,0,0.009607
159470,0,0.012358
159471,0,0.123495
159472,0,0.040912
159474,0,0.210721
159475,1,0.333936
159476,0,0.012370
159479,0,0.233728
159480,0,0.003984
159483,0,0.118582
159484,0,0.069522
159485,0,0.038332
159486,0,0.013730
159487,0,0.182670
159491,0,0.318749
159495,0,0.259050
159500,1,0.349276
159501,0,0.005509
159506,0,0.108546
159507,0,0.135229
159509,0,0.025575
159511,0,0.042784
159517,0,0.020684
159525,0,0.017869
159528,0,0.079999
159534,0,0.008115
159536,1,0.580753
159540,0,0.036577
159544,0,0.254989
159548,0,0.026435
159550,1,0.640909
159552,0,0.065102
159556,0,0.028916
159559,0,0.033161
159566,0,0.029337
159567,0,0.019249
159569,0,0.019887
159570,0,0.077486
159576,0,0.035167
159581,1,0.360650
159583,0,0.150363
159585,0,0.040972
159587,0,0.047544
159588,0,0.007968
159595,0,0.031325
159596,0,0.009356
159599,0,0.035618
159602,0,0.032451
159604,1,0.651671
159606,1,0.733533
159607,1,0.624059
159612,0,0.062471
159614,1,0.372919
159615,0,0.078279
159618,0,0.137854
159620,0,0.052509
159624,0,0.013444
159626,0,0.203098
159632,0,0.005385
159634,0,0.002734
159644,0,0.048638
159646,0,0.004666
159649,0,0.048649
159650,0,0.031691
159651,0,0.028500
159652,0,0.069445
159658,1,0.889402
159659,0,0.021506
159660,0,0.019862
159666,0,0.033879
159667,0,0.092899
159668,0,0.012017
159669,1,0.644835
159670,0,0.160777
159673,0,0.014928
159674,0,0.027567
159675,0,0.030770
159678,0,0.046227
159679,0,0.144727
159680,0,0.057553
159682,0,0.020263
159686,0,0.156100
159689,0,0.014013
159692,0,0.280894
159693,0,0.108789
159695,0,0.119460
159697,0,0.008496
159701,0,0.011110
159705,0,0.178641
159706,0,0.004361
159710,0,0.015514
159713,0,0.140745
159714,0,0.089297
159715,0,0.071979
159719,0,0.009805
159723,0,0.058825
159724,1,0.339788
159725,0,0.063447
159726,0,0.018427
159727,1,0.469494
159729,0,0.019910
159730,0,0.077562
159731,0,0.223157
159733,0,0.319814
159735,0,0.044277
159738,0,0.159733
159739,0,0.053296
159740,0,0.308487
159742,1,0.332987
159744,0,0.007580
159747,1,0.472220
159752,0,0.031408
159758,0,0.010581
159761,0,0.055467
159764,0,0.026879
159766,0,0.020671
159769,0,0.009549
159770,0,0.079257
159771,0,0.005715
159777,0,0.021843
159778,1,0.342804
159779,0,0.068991
159780,1,0.488745
159781,0,0.017763
159782,0,0.093032
159786,1,0.746174
159788,0,0.039634
159790,0,0.083865
159794,0,0.041219
159797,0,0.018454
159798,1,0.519620
159799,0,0.037572
159805,1,0.399921
159807,0,0.022983
159814,0,0.021605
159820,0,0.037407
159823,0,0.033849
159825,0,0.074320
159826,1,0.353148
159834,1,0.505281
159835,0,0.010211
159837,1,0.466205
159840,0,0.031667
159843,0,0.015898
159846,0,0.119335
159851,0,0.140651
159852,0,0.020678
159861,0,0.155842
159862,0,0.030799
159865,0,0.015031
159868,0,0.062236
159869,0,0.007991
159870,1,0.704326
159872,0,0.205650
159873,0,0.204200
159874,0,0.067753
159875,0,0.246498
159879,0,0.027273
159881,0,0.111803
159882,0,0.017819
159884,0,0.164139
159887,0,0.076513
159888,0,0.008467
159890,0,0.317058
159896,0,0.136198
159897,0,0.035495
159901,0,0.040818
159903,0,0.010347
159904,1,0.868557
159908,0,0.075366
159909,0,0.005834
159910,0,0.088550
159912,0,0.025115
159916,0,0.139460
159918,1,0.332945
159920,0,0.176059
159921,1,0.549268
159923,1,0.438378
159931,0,0.056946
159934,0,0.262523
159936,0,0.073707
159939,0,0.104803
159941,0,0.043835
159942,0,0.119303
159943,0,0.139746
159944,1,0.494658
159945,0,0.057736
159946,0,0.007329
159952,0,0.014457
159954,0,0.015990
159957,0,0.280856
159958,0,0.236346
159962,1,0.567702
159964,0,0.020242
159969,0,0.008640
159972,0,0.039205
159976,0,0.032312
159979,0,0.009617
159980,0,0.009644
159981,1,0.393705
159984,0,0.053039
159988,1,0.365932
159990,1,0.745726
159991,0,0.107570
159992,0,0.243657
159995,0,0.016360
159996,0,0.010651
159998,0,0.174744
160000,0,0.013498
160001,0,0.003230
160003,1,0.406245
160010,0,0.036291
160011,0,0.131864
160019,0,0.016403
160020,0,0.065473
160022,0,0.020809
160023,0,0.010823
160027,0,0.033238
160030,0,0.020128
160033,1,0.491943
160034,0,0.137026
160035,1,0.599882
160036,0,0.182614
160040,0,0.021384
160041,0,0.005073
160042,0,0.022353
160044,0,0.050493
160045,0,0.016929
160046,0,0.010994
160048,0,0.096335
160049,0,0.045652
160051,0,0.129280
160059,0,0.026486
160062,0,0.308385
160066,0,0.026057
160072,0,0.015185
160073,0,0.024660
160074,1,0.358144
160076,0,0.249179
160079,0,0.050291
160080,0,0.042967
160084,0,0.145640
160085,0,0.028579
160086,0,0.036575
160087,0,0.027729
160092,0,0.199615
160093,0,0.019617
160094,1,0.374594
160100,0,0.143390
160104,0,0.015223
160107,0,0.035462
160109,0,0.074946
160112,0,0.015269
160114,0,0.005743
160115,0,0.044388
160117,0,0.022806
160118,0,0.005926
160121,0,0.151703
160122,1,0.352797
160123,0,0.034272
160124,0,0.058600
160126,0,0.013781
160127,0,0.021190
160129,0,0.009057
160131,0,0.156154
160137,0,0.022328
160141,0,0.057739
160142,0,0.044459
160143,0,0.015530
160145,0,0.009521
160146,0,0.004774
160149,0,0.096473
160150,0,0.092865
160156,0,0.019775
160157,0,0.032497
160163,0,0.267077
160164,0,0.034304
160166,1,0.386142
160168,0,0.003165
160170,0,0.110602
160171,1,0.579035
160172,0,0.034591
160174,0,0.031555
160175,0,0.097323
160178,0,0.034549
160179,0,0.019723
160181,0,0.022155
160183,1,0.336252
160185,0,0.071263
160190,0,0.017668
160193,0,0.013049
160194,0,0.017008
160195,0,0.211515
160196,1,0.457956
160200,0,0.283222
160202,0,0.003740
160203,1,0.665878
160204,0,0.011334
160207,1,0.416962
160208,1,0.456195
160209,0,0.036808
160213,1,0.725020
160216,0,0.239285
160217,0,0.031333
160221,0,0.024771
160223,0,0.018840
160225,0,0.011064
160234,0,0.008182
160236,0,0.113519
160237,0,0.059733
160239,0,0.274346
160241,0,0.040819
160244,0,0.247981
160246,0,0.031701
160247,1,0.707653
160249,1,0.525410
160253,0,0.094720
160254,0,0.156139
160255,0,0.187934
160257,0,0.180232
160258,0,0.256110
160260,0,0.105442
160261,0,0.179819
160263,0,0.021709
160269,0,0.024677
160270,0,0.176657
160277,0,0.008498
160278,1,0.501722
160280,0,0.130027
160285,1,0.338860
160290,1,0.441053
160292,0,0.011727
160293,1,0.350818
160295,0,0.055989
160298,0,0.011768
160299,0,0.163497
160301,0,0.154823
160305,0,0.009941
160309,1,0.349233
160314,1,0.629266
160315,1,0.459307
160323,0,0.240894
160329,0,0.028015
160330,0,0.150780
160331,0,0.280612
160349,0,0.018263
160355,0,0.072583
160357,0,0.078909
160360,0,0.091768
160362,0,0.208080
160363,0,0.053625
160364,1,0.402191
160366,0,0.024148
160367,0,0.034703
160375,0,0.004208
160376,0,0.239820
160382,0,0.027176
160385,0,0.218352
160389,0,0.014030
160390,1,0.371064
160391,0,0.031756
160398,0,0.049657
160399,0,0.085061
160403,0,0.106750
160404,0,0.069584
160405,0,0.009179
160408,0,0.053404
160410,0,0.071966
160411,0,0.017979
160413,0,0.065495
160416,0,0.144106
160417,0,0.004668
160418,0,0.057385
160419,0,0.021423
160420,0,0.114732
160425,0,0.260707
160426,1,0.540685
160429,0,0.013014
160432,0,0.132336
160433,0,0.085694
160434,1,0.517030
160436,1,0.652584
160437,0,0.017715
160439,0,0.011472
160440,0,0.052750
160441,0,0.235357
160442,0,0.008415
160453,0,0.155080
160454,0,0.303748
160459,1,0.503314
160460,0,0.028329
160461,1,0.609735
160462,1,0.514387
160465,0,0.034537
160468,0,0.033208
160470,0,0.183036
160478,0,0.020950
160480,0,0.121229
160481,0,0.031223
160482,0,0.316471
160486,0,0.023041
160488,0,0.182232
160491,0,0.215716
160495,0,0.090520
160504,0,0.077015
160508,0,0.020427
160509,0,0.010138
160512,0,0.156247
160513,0,0.117478
160515,1,0.434694
160517,0,0.005498
160526,1,0.718754
160527,0,0.036175
160529,0,0.009824
160532,0,0.014364
160533,0,0.030211
160535,1,0.616631
160537,0,0.069199
160539,1,0.686522
160541,1,0.374492
160546,0,0.016319
160547,0,0.030409
160553,0,0.104662
160558,0,0.055635
160560,0,0.183406
160563,0,0.073711
160567,0,0.134977
160570,0,0.122840
160574,0,0.050944
160579,0,0.023101
160581,1,0.654954
160585,0,0.116730
160586,0,0.032484
160591,0,0.034858
160592,0,0.014203
160593,1,0.380204
160595,0,0.047383
160602,0,0.080261
160605,0,0.027180
160606,0,0.035617
160608,0,0.188842
160611,0,0.007366
160612,0,0.017478
160613,0,0.011895
160614,0,0.019662
160615,0,0.038144
160616,0,0.043997
160619,0,0.168978
160621,0,0.037832
160627,0,0.047728
160629,0,0.050169
160631,0,0.248934
160633,0,0.014661
160634,0,0.005956
160637,0,0.009206
160640,0,0.258672
160648,0,0.129459
160652,0,0.033245
160653,0,0.041291
160654,1,0.416113
160658,1,0.566318
160659,0,0.067783
160661,0,0.018592
160667,0,0.010484
160668,0,0.220947
160669,0,0.007189
160670,0,0.144302
160671,0,0.053435
160673,0,0.016670
160680,0,0.016509
160682,0,0.025283
160683,0,0.031698
160684,0,0.005119
160685,0,0.014230
160690,0,0.082415
160694,0,0.108612
160706,0,0.189193
160708,0,0.009860
160709,0,0.218911
160710,0,0.018490
160713,0,0.113377
160715,0,0.183315
160719,0,0.006324
160720,0,0.052630
160723,0,0.015676
160726,0,0.166877
160727,1,0.579955
160730,0,0.065762
160732,0,0.008829
160733,0,0.057148
160735,0,0.042287
160736,0,0.005722
160738,0,0.040727
160739,0,0.011447
160743,0,0.208920
160750,0,0.001573
160751,0,0.062266
160752,0,0.016653
160754,0,0.017678
160755,0,0.189636
160758,0,0.175301
160759,0,0.210637
160761,0,0.005401
160763,0,0.179110
160764,0,0.180067
160765,0,0.047966
160770,0,0.036766
160773,0,0.060625
160778,0,0.112701
160780,0,0.028206
160782,0,0.012232
160787,0,0.009865
160791,0,0.019552
160795,0,0.153452
160798,1,0.678540
160801,0,0.279604
160803,1,0.661252
160804,0,0.162703
160813,0,0.003747
160815,0,0.019327
160818,0,0.083134
160820,0,0.258173
160825,1,0.330552
160829,0,0.009820
160831,0,0.014237
160835,0,0.026535
160838,0,0.270970
160839,0,0.008534
160841,0,0.010143
160844,0,0.048201
160849,0,0.297910
160854,0,0.258459
160858,0,0.031635
160859,0,0.008077
160862,0,0.030652
160866,0,0.105797
160867,0,0.027753
160868,0,0.018755
160872,0,0.165127
160873,0,0.011108
160877,1,0.380596
160878,0,0.006368
160883,0,0.219083
160886,0,0.278876
160887,0,0.006876
160891,0,0.013236
160892,0,0.014006
160893,0,0.027790
160894,0,0.059446
160896,0,0.052002
160900,0,0.069896
160901,1,0.445141
160903,0,0.055262
160907,1,0.732063
160909,1,0.374283
160911,0,0.007315
160912,0,0.262417
160913,0,0.137673
160916,0,0.011886
160917,0,0.015013
160919,0,0.024879
160921,0,0.009286
160923,0,0.002265
160924,0,0.042140
160925,0,0.072514
160936,0,0.040508
160939,0,0.058214
160941,0,0.023505
160943,0,0.172707
160946,0,0.214248
160948,0,0.032629
160950,0,0.054753
160952,0,0.147164
160954,1,0.633714
160959,0,0.207941
160960,0,0.051108
160961,0,0.032315
160963,0,0.002739
160964,0,0.032457
160968,0,0.019377
160969,0,0.043565
160973,0,0.097527
160975,0,0.052592
160981,1,0.525287
160982,0,0.007110
160986,0,0.008978
160989,1,0.449846
160991,0,0.122811
160992,0,0.041214
160994,0,0.032326
160996,0,0.222456
160997,0,0.084379
160998,0,0.010924
161001,0,0.106859
161009,0,0.036338
161013,0,0.217585
161014,0,0.160952
161015,1,0.328478
161016,0,0.004329
161018,0,0.004005
161019,0,0.097977
161021,0,0.047244
161030,0,0.007108
161033,0,0.108386
161034,0,0.007941
161037,0,0.039461
161040,0,0.047224
161041,0,0.227585
161043,0,0.012011
161046,0,0.075796
161048,0,0.033757
161049,0,0.008533
161050,0,0.014085
161053,0,0.022340
161056,0,0.036143
161058,1,0.474037
161062,0,0.159086
161063,0,0.116566
161065,0,0.017048
161066,1,0.507807
161074,0,0.168221
161077,0,0.023906
161078,1,0.552065
161081,0,0.012074
161086,0,0.156253
161091,0,0.025616
161093,0,0.176705
161098,0,0.040451
161101,0,0.309476
161102,0,0.022707
161107,0,0.013314
161108,0,0.022443
161113,0,0.007640
161117,0,0.030362
161121,0,0.006323
161134,0,0.017418
161137,0,0.063885
161139,0,0.017416
161142,1,0.444365
161143,0,0.014649
161149,0,0.031140
161151,1,0.543385
161156,0,0.026100
161157,0,0.036004
161159,1,0.674546
161160,0,0.004570
161166,1,0.422143
161173,0,0.006777
161174,1,0.394787
161175,0,0.004129
161176,0,0.177807
161179,0,0.233618
161183,0,0.018954
161187,0,0.029722
161188,0,0.058014
161197,0,0.007430
161198,1,0.540508
161199,0,0.258068
161201,0,0.190515
161202,1,0.349427
161208,0,0.250216
161209,1,0.434817
161216,0,0.028418
161217,0,0.018350
161218,0,0.230235
161219,0,0.022510
161220,0,0.028891
161221,0,0.017573
161222,0,0.010398
161227,0,0.049887
161228,0,0.021846
161233,0,0.017007
161238,0,0.035082
161243,0,0.114103
161249,0,0.016756
161254,0,0.029942
161259,0,0.078456
161260,0,0.010040
161265,0,0.257212
161270,0,0.105008
161271,0,0.020737
161273,0,0.053853
161274,0,0.240333
161280,0,0.110088
161282,0,0.011888
161284,0,0.039883
161287,0,0.021532
161289,1,0.711023
161293,1,0.776474
161294,0,0.033720
161301,0,0.289767
161305,0,0.037061
161314,0,0.129988
161316,0,0.137257
161318,0,0.017279
161320,0,0.102937
161321,1,0.391678
161329,0,0.063083
161332,1,0.572394
161335,0,0.052811
161336,0,0.032172
161337,0,0.019810
161339,0,0.006296
161345,0,0.034191
161346,0,0.167904
161351,0,0.087905
161355,0,0.089340
161360,0,0.166612
161361,1,0.502798
161362,0,0.180838
161364,0,0.046118
161365,0,0.067925
161367,0,0.023769
161375,1,0.437307
161376,0,0.020687
161382,0,0.105682
161386,1,0.767587
161388,1,0.480378
161392,0,0.009029
161394,0,0.009927
161395,0,0.027610
161397,0,0.031532
161398,0,0.184941
161399,0,0.144040
161402,0,0.065764
161406,0,0.260583
161407,0,0.137698
161411,0,0.030707
161412,0,0.014458
161421,0,0.041123
161423,0,0.054732
161426,0,0.048500
161427,1,0.497180
161430,0,0.026065
161431,0,0.144516
161436,0,0.010859
161437,0,0.089699
161438,0,0.242787
161439,0,0.013710
161440,0,0.020596
161441,1,0.428747
161442,0,0.150092
161445,0,0.048735
161449,0,0.075191
161455,0,0.280240
161461,0,0.145074
161462,0,0.025314
161463,0,0.019621
161464,0,0.023274
161466,0,0.015063
161470,0,0.046150
161471,0,0.243821
161473,0,0.164014
161480,0,0.004399
161487,0,0.069815
161488,1,0.456836
161491,0,0.117325
161492,1,0.655765
161496,0,0.009690
161499,0,0.008132
161502,1,0.614536
161507,0,0.158461
161508,0,0.304970
161510,0,0.061061
161513,1,0.405356
161514,0,0.052108
161522,0,0.013264
161523,0,0.019932
161524,0,0.053965
161525,0,0.181083
161526,0,0.032900
161529,0,0.225889
161530,0,0.007602
161537,0,0.019033
161538,0,0.013731
161539,0,0.078725
161543,0,0.014553
161544,0,0.063763
161546,0,0.157141
161555,0,0.221590
161558,0,0.012473
161560,0,0.064239
161563,0,0.013520
161564,0,0.028102
161570,1,0.580339
161573,0,0.038675
161575,1,0.473480
161576,0,0.014665
161578,0,0.004008
161581,0,0.008813
161582,1,0.570839
161586,0,0.035003
161589,0,0.256930
161591,0,0.014174
161593,0,0.020233
161598,0,0.003661
161599,0,0.235533
161601,0,0.010362
161606,0,0.243808
161607,1,0.444554
161609,0,0.013643
161612,0,0.026834
161613,0,0.009976
161614,0,0.061868
161615,0,0.039202
161616,0,0.017731
161618,0,0.114238
161621,1,0.400136
161622,0,0.032283
161623,0,0.008946
161625,0,0.167706
161626,0,0.007640
161629,0,0.058540
161630,0,0.016786
161631,0,0.017790
161634,0,0.132685
161635,0,0.041828
161645,0,0.037408
161646,0,0.218734
161648,0,0.044875
161651,0,0.046059
161652,0,0.103083
161656,0,0.010392
161657,0,0.009418
161658,0,0.303764
161659,0,0.177344
161662,0,0.208457
161665,0,0.016015
161668,0,0.313180
161670,1,0.557448
161671,0,0.181571
161674,0,0.275729
161677,0,0.084691
161678,0,0.091985
161679,0,0.078096
161681,0,0.049544
161682,0,0.080221
161683,0,0.007014
161684,1,0.707669
161685,0,0.133456
161686,0,0.260297
161692,0,0.060657
161693,0,0.049958
161695,0,0.020400
161696,0,0.026555
161697,0,0.140021
161698,0,0.010287
161702,0,0.026199
161705,0,0.004600
161708,1,0.621858
161709,0,0.201238
161713,0,0.006735
161714,0,0.011928
161715,0,0.010743
161716,0,0.129926
161717,0,0.137841
161718,0,0.219581
161720,0,0.024660
161725,0,0.019681
161729,0,0.056571
161730,1,0.490563
161732,1,0.385989
161733,0,0.250448
161734,0,0.145748
161738,0,0.007249
161741,0,0.020055
161746,0,0.007131
161747,0,0.076291
161751,0,0.045614
161755,0,0.029304
161757,0,0.038852
161759,1,0.450614
161763,0,0.008852
161764,0,0.018024
161766,0,0.005760
161767,0,0.168777
161770,1,0.378681
161772,0,0.076468
161773,0,0.046898
161774,0,0.150058
161781,0,0.011924
161783,0,0.305089
161784,0,0.021583
161786,0,0.086814
161788,0,0.023708
161789,1,0.737249
161791,0,0.282736
161794,0,0.092302
161799,0,0.253598
161801,0,0.208366
161804,0,0.036370
161806,0,0.164732
161811,0,0.091567
161813,0,0.032615
161816,0,0.101138
161822,0,0.079346
161823,0,0.006807
161824,0,0.053499
161825,0,0.033801
161826,0,0.083725
161831,0,0.054557
161834,1,0.795475
161835,0,0.003046
161840,0,0.008611
161843,0,0.108004
161845,1,0.537262
161853,0,0.020535
161854,0,0.083058
161855,0,0.085327
161858,0,0.052736
161862,0,0.018826
161871,0,0.016145
161873,0,0.047130
161875,0,0.013662
161876,0,0.005987
161878,0,0.158840
161879,0,0.092280
161881,0,0.086147
161882,0,0.072125
161884,0,0.099389
161886,0,0.122345
161892,0,0.121969
161894,0,0.027699
161895,0,0.045727
161896,0,0.024214
161899,1,0.598633
161900,0,0.287987
161902,0,0.012152
161908,0,0.049263
161912,0,0.024404
161913,0,0.011215
161915,0,0.063192
161920,1,0.575958
161921,0,0.017950
161922,0,0.178921
161925,0,0.058744
161926,1,0.458417
161934,0,0.020799
161940,0,0.004179
161947,1,0.588367
161951,0,0.052839
161952,1,0.549167
161954,0,0.009411
161955,0,0.022859
161962,0,0.129923
161963,0,0.030172
161965,0,0.019358
161966,0,0.085771
161968,0,0.043531
161974,0,0.015130
161976,0,0.070701
161977,0,0.028812
161985,0,0.189002
161990,0,0.022277
161993,0,0.117038
161997,0,0.015814
162000,0,0.007339
162002,0,0.010746
162004,0,0.101457
162005,0,0.217378
162007,0,0.018578
162008,0,0.043440
162010,1,0.663778
162015,1,0.432723
162019,0,0.129061
162020,1,0.402678
162023,1,0.652106
162024,0,0.024048
162026,0,0.041107
162028,0,0.016118
162030,0,0.010366
162031,0,0.131404
162035,0,0.043285
162036,0,0.038500
162040,0,0.016852
162043,0,0.061576
162045,0,0.196283
162046,0,0.107069
162047,0,0.009437
162048,0,0.068222
162053,0,0.008104
162054,1,0.388658
162058,1,0.519884
162069,0,0.139493
162072,1,0.394342
162074,0,0.067852
162075,1,0.435766
162079,0,0.183556
162080,1,0.755389
162082,0,0.092138
162083,0,0.016743
162086,1,0.455995
162087,0,0.027170
162090,0,0.107057
162091,0,0.234440
162092,0,0.094524
162096,0,0.178647
162098,0,0.037598
162099,0,0.010798
162102,1,0.375148
162107,0,0.071347
162108,0,0.043842
162109,0,0.007225
162110,1,0.497229
162115,1,0.483033
162120,0,0.021288
162121,0,0.195086
162126,0,0.020153
162127,0,0.280114
162130,0,0.021102
162131,0,0.005151
162133,0,0.008966
162135,0,0.018816
162137,0,0.011664
162139,0,0.178363
162141,0,0.089667
162143,1,0.557290
162149,0,0.081084
162154,0,0.170034
162158,0,0.264617
162161,1,0.383658
162166,0,0.052112
162169,0,0.002664
162170,1,0.500860
162172,0,0.016668
162175,0,0.009084
162177,1,0.423287
162178,0,0.012120
162179,0,0.019528
162180,0,0.070679
162181,0,0.287950
162183,0,0.054356
162184,0,0.010355
162186,0,0.216717
162190,0,0.036307
162192,0,0.014532
162193,0,0.006664
162194,0,0.010751
162197,0,0.014322
162203,0,0.004001
162204,0,0.069448
162205,0,0.011360
162207,0,0.019709
162208,1,0.712346
162209,0,0.097692
162210,0,0.013903
162212,0,0.006624
162213,0,0.006795
162215,0,0.024343
162219,0,0.013290
162220,0,0.045502
162223,0,0.023103
162227,0,0.036839
162228,0,0.188257
162229,0,0.020512
162231,0,0.028261
162234,0,0.007662
162239,0,0.141777
162240,0,0.029694
162242,1,0.338618
162243,0,0.040506
162247,0,0.053658
162248,0,0.055348
162249,0,0.017301
162252,0,0.006438
162253,0,0.157948
162256,0,0.011287
162258,0,0.010101
162267,0,0.008345
162269,0,0.021177
162270,1,0.356044
162273,0,0.031905
162275,0,0.013060
162276,0,0.043099
162279,0,0.071144
162282,0,0.078858
162287,0,0.028515
162290,0,0.225976
162291,0,0.065057
162292,0,0.007232
162293,0,0.031415
162294,0,0.008038
162295,1,0.630095
162298,0,0.050517
162302,0,0.013606
162304,0,0.046571
162307,0,0.029556
162311,0,0.046627
162312,0,0.074793
162316,0,0.098343
162317,0,0.017235
162319,0,0.140929
162320,0,0.017790
162323,0,0.007312
162325,0,0.015642
162326,0,0.014742
162329,1,0.857458
162330,0,0.143136
162345,0,0.069318
162346,0,0.039903
162347,0,0.200423
162348,0,0.087115
162349,0,0.058482
162353,0,0.026884
162354,0,0.077334
162355,0,0.008512
162356,0,0.098859
162359,1,0.728641
162360,1,0.615910
162361,0,0.015386
162365,1,0.373108
162367,1,0.506936
162368,1,0.652537
162372,0,0.071902
162373,0,0.248236
162376,1,0.335171
162377,0,0.297780
162380,0,0.005297
162383,0,0.023781
162384,0,0.249675
162389,0,0.287056
162390,0,0.015798
162393,0,0.019559
162394,0,0.019210
162399,1,0.583135
162402,0,0.054637
162404,0,0.022623
162409,0,0.273165
162410,0,0.016475
162411,0,0.034984
162419,0,0.022177
162420,0,0.034451
162422,0,0.062123
162423,1,0.329572
162424,0,0.024911
162427,1,0.484545
162428,0,0.049014
162430,0,0.022929
162431,0,0.165647
162432,0,0.011815
162434,0,0.102679
162435,1,0.622813
162437,0,0.026618
162439,0,0.186348
162440,0,0.047672
162443,1,0.526133
162446,0,0.020741
162454,1,0.669899
162456,0,0.162812
162459,0,0.012109
162462,0,0.006822
162463,0,0.009496
162464,0,0.072203
162467,0,0.025838
162470,0,0.019356
162473,0,0.015587
162479,0,0.180424
162482,0,0.061225
162483,0,0.024449
162484,0,0.251492
162489,1,0.511973
162492,0,0.073626
162493,0,0.113441
162494,0,0.065894
162498,0,0.007500
162499,0,0.015298
162502,0,0.010074
162508,0,0.020093
162512,0,0.026227
162514,0,0.063598
162515,0,0.163567
162517,0,0.031091
162524,0,0.032565
162525,0,0.299098
162526,0,0.015328
162527,0,0.052106
162529,0,0.062311
162536,0,0.148563
162538,1,0.796106
162540,0,0.019292
162541,1,0.432173
162542,1,0.520324
162547,1,0.707423
162548,0,0.029111
162550,0,0.008230
162553,0,0.031933
162558,0,0.006509
162559,0,0.079661
162561,0,0.067077
162562,0,0.020902
162565,0,0.254816
162567,0,0.008545
162569,0,0.121728
162570,0,0.037595
162572,0,0.035583
162573,0,0.024459
162574,0,0.168027
162584,0,0.175742
162587,1,0.530082
162588,0,0.004804
162589,1,0.361204
162592,0,0.040109
162595,0,0.010244
162597,0,0.011900
162598,0,0.012036
162599,0,0.043945
162600,1,0.647733
162603,0,0.096433
162604,0,0.030493
162606,0,0.017230
162607,0,0.019542
162609,0,0.113437
162610,0,0.069863
162611,0,0.011854
162613,0,0.037126
162617,0,0.027569
162622,0,0.048606
162626,0,0.010204
162627,0,0.175981
162628,0,0.055106
162629,1,0.336721
162630,0,0.076568
162632,0,0.008315
162635,0,0.024411
162637,0,0.280210
162641,0,0.008453
162642,0,0.279483
162645,0,0.013094
162651,0,0.061947
162653,1,0.639104
162655,0,0.007355
162657,0,0.016031
162659,0,0.005888
162660,1,0.664930
162661,0,0.006057
162663,0,0.280383
162665,0,0.046477
162669,0,0.014585
162671,0,0.300154
162673,0,0.068971
162674,0,0.004564
162676,0,0.051630
162678,0,0.170513
162679,0,0.010513
162689,0,0.014686
162691,1,0.405649
162693,0,0.012216
162697,0,0.030441
162701,0,0.090954
162703,0,0.049478
162704,0,0.185587
162706,0,0.036108
162707,0,0.011099
162709,1,0.470103
162711,1,0.416420
162712,0,0.013432
162713,0,0.065170
162714,0,0.025280
162717,0,0.171036
162722,0,0.010559
162724,0,0.024640
162725,0,0.018444
162727,0,0.079190
162728,0,0.128762
162729,0,0.013870
162735,0,0.012444
162736,1,0.743320
162748,0,0.008186
162750,0,0.096570
162751,0,0.143784
162754,0,0.121081
162757,0,0.014081
162760,0,0.038581
162762,0,0.023738
162763,1,0.324292
162764,1,0.344790
162766,0,0.083443
162769,0,0.302905
162770,0,0.023867
162774,0,0.028235
162776,0,0.191355
162777,0,0.096993
162780,1,0.778427
162783,0,0.028966
162785,0,0.024850
162787,0,0.008545
162788,0,0.014043
162789,0,0.039811
162791,0,0.029755
162801,0,0.040898
162814,0,0.030698
162816,0,0.011929
162817,0,0.008791
162818,0,0.067679
162824,0,0.109302
162836,0,0.073716
162840,0,0.039669
162842,0,0.048020
162843,0,0.025040
162844,0,0.206689
162848,0,0.115636
162849,1,0.837246
162851,0,0.004027
162855,0,0.052933
162856,0,0.040501
162859,0,0.104902
162860,0,0.019012
162861,0,0.008158
162863,0,0.133116
162870,0,0.020073
162872,1,0.719498
162873,0,0.010782
162874,0,0.081819
162875,0,0.153783
162880,0,0.131368
162881,0,0.006286
162882,0,0.322264
162883,0,0.020468
162884,0,0.021192
162886,0,0.097053
162889,0,0.003664
162893,0,0.113362
162899,0,0.003888
162901,0,0.117633
162903,0,0.060024
162905,0,0.012809
162907,0,0.077843
162909,0,0.255618
162912,1,0.424264
162915,0,0.055896
162918,0,0.048292
162923,0,0.006716
162926,0,0.016045
162927,0,0.109612
162929,0,0.011033
162933,0,0.313898
162938,1,0.506121
162941,0,0.055629
162942,0,0.018167
162944,0,0.012956
162946,0,0.007115
162949,0,0.011294
162952,0,0.029030
162955,0,0.017907
162956,1,0.546277
162958,0,0.089220
162971,0,0.019957
162976,1,0.474643
162980,0,0.043064
162981,0,0.223158
162983,0,0.176908
162987,0,0.029620
162989,0,0.133763
162990,0,0.032025
162991,0,0.011198
162995,1,0.525239
162996,0,0.021006
162999,1,0.786221
163002,0,0.035887
163003,0,0.084676
163007,0,0.007258
163008,0,0.006678
163013,0,0.196685
163016,0,0.161677
163017,0,0.112395
163021,0,0.049285
163027,0,0.051339
163029,0,0.028762
163033,0,0.024541
163034,0,0.019534
163035,1,0.375630
163037,0,0.089348
